No:  residues    OPAL PROMISS  MoRFchibi 
1.0    M  0.631831 0.640682 0.625860 
2.0    E  0.631831 0.640682 0.629280 
3.0    P  0.631831 0.640895 0.630088 
4.0    V  0.631831 0.640895 0.633080 
5.0    D  0.631831 0.643051 0.633080 
6.0    P  0.631831 0.643051 0.633080 
7.0    N  0.631831 0.643051 0.633080 
8.0    L  0.631831 0.643051 0.633080 
9.0    E  0.631831 0.643051 0.631560 
10.0    P  0.631831 0.643051 0.631133 
11.0    W  0.631831 0.643051 0.628853 
12.0    N  0.631831 0.643051 0.611515 
13.0    H  0.631831 0.643051 0.608143 
14.0    P  0.627604 0.643051 0.591233 
15.0    G  0.624521 0.641359 0.580592 
16.0    S  0.617978 0.641359 0.554420 
17.0    Q  0.612111 0.641359 0.530955 
18.0    P  0.606353 0.638179 0.511100 
19.0    K  0.605975 0.640729 0.498227 
20.0    T  0.605975 0.640729 0.487160 
21.0    A  0.605595 0.640729 0.464930 
22.0    C  0.605488 0.640729 0.460750 
23.0    N  0.604918 0.640729 0.460750 
24.0    N  0.600583 0.640729 0.460750 
25.0    C  0.599740 0.640729 0.460750 
26.0    Y  0.595513 0.640903 0.461985 
27.0    C  0.593732 0.641109 0.470915 
28.0    K  0.594145 0.641109 0.480605 
29.0    R  0.598293 0.641109 0.484476 
30.0    C  0.602531 0.640903 0.489274 
31.0    S  0.606521 0.638709 0.509057 
32.0    Y  0.609363 0.636684 0.522452 
33.0    H  0.610820 0.634510 0.530456 
34.0    C  0.612209 0.632060 0.538460 
35.0    L  0.613932 0.628788 0.548625 
36.0    V  0.615316 0.625775 0.557175 
37.0    C  0.617767 0.623275 0.569478 
38.0    F  0.622399 0.620475 0.590805 
39.0    Q  0.626369 0.613222 0.613938 
40.0    T  0.626783 0.610032 0.618783 
41.0    K  0.626783 0.600876 0.644528 
42.0    G  0.626783 0.600778 0.661580 
43.0    L  0.626783 0.596548 0.681767 
44.0    G  0.626783 0.588312 0.683288 
45.0    I  0.626783 0.585971 0.686613 
46.0    S  0.626783 0.586655 0.686613 
47.0    Y  0.626783 0.587233 0.686613 
48.0    G  0.626783 0.579840 0.686613 
49.0    R  0.626783 0.584075 0.686613 
50.0    K  0.626783 0.586872 0.678157 
51.0    K  0.626783 0.584671 0.669227 
52.0    R  0.626783 0.582073 0.651463 
53.0    R  0.624437 0.583406 0.636025 
54.0    Q  0.621563 0.594997 0.612940 
55.0    R  0.618129 0.594997 0.599023 
56.0    R  0.617012 0.599899 0.585438 
57.0    S  0.617012 0.599899 0.550857 
58.0    A  0.617012 0.603178 0.525065 
59.0    P  0.617012 0.610129 0.517798 
60.0    P  0.616222 0.611251 0.511100 
61.0    S  0.616222 0.613842 0.484120 
62.0    S  0.614808 0.616440 0.473243 
63.0    E  0.612025 0.621307 0.492243 
64.0    D  0.610026 0.625998 0.508345 
65.0    H  0.610026 0.633071 0.515707 
66.0    Q  0.610026 0.646480 0.521930 
67.0    N  0.610026 0.651989 0.542212 
68.0    P  0.610026 0.654509 0.559455 
69.0    I  0.610026 0.660607 0.567102 
70.0    P  0.610026 0.665082 0.570428 
71.0    K  0.610026 0.669174 0.571710 
72.0    Q  0.610026 0.672778 0.571710 
73.0    P  0.610026 0.672778 0.571710 
74.0    L  0.610026 0.673188 0.571710 
75.0    P  0.610026 0.674194 0.571710 
76.0    Q  0.610026 0.675051 0.558220 
77.0    T  0.610026 0.675115 0.545965 
78.0    R  0.610026 0.675327 0.543970 
79.0    G  0.610026 0.675841 0.532237 
80.0    D  0.607861 0.680710 0.504830 
81.0    Q  0.603016 0.680710 0.485450 
82.0    T  0.602167 0.680710 0.482054 
83.0    G  0.599636 0.680710 0.463363 
84.0    S  0.599636 0.681387 0.451630 
85.0    E  0.599636 0.681392 0.444505 
86.0    E  0.599636 0.682129 0.443103 
87.0    S  0.599636 0.681392 0.446263 
88.0    K  0.596478 0.681392 0.447972 
89.0    K  0.593430 0.681392 0.450110 
90.0    K  0.590842 0.681392 0.453554 
91.0    V  0.588006 0.681392 0.456902 
92.0    E  0.581564 0.681392 0.459278 
93.0    S  0.578600 0.681392 0.459325 
94.0    K  0.578006 0.681392 0.462555 
95.0    T  0.577169 0.681392 0.471248 
96.0    E  0.576687 0.681392 0.489963 
97.0    T  0.576308 0.681392 0.492338 
98.0    D  0.576308 0.681392 0.492338 
99.0    P  0.576308 0.680552 0.492338 
100.0    F  0.576308 0.677644 0.492338 
101.0    D  0.576308 0.671867 0.491768 
