Residue No	ΔPhi	ΔPsi
1.0 		0.912 		0.938 
2.0 		0.349 		0.298 
3.0 		0.177 		0.163 
4.0 		0.099 		0.125 
5.0 		0.085 		0.108 
6.0 		0.073 		0.09 
7.0 		0.078 		0.074 
8.0 		0.066 		0.088 
9.0 		0.079 		0.075 
10.0 		0.068 		0.069 
11.0 		0.066 		0.074 
12.0 		0.065 		0.078 
13.0 		0.067 		0.077 
14.0 		0.072 		0.081 
15.0 		0.081 		0.105 
16.0 		0.114 		0.149 
17.0 		0.143 		0.242 
18.0 		0.273 		0.338 
19.0 		0.296 		0.327 
20.0 		0.296 		0.368 
21.0 		0.285 		0.235 
22.0 		0.197 		0.156 
23.0 		0.137 		0.1 
24.0 		0.083 		0.096 
25.0 		0.077 		0.08 
26.0 		0.06 		0.078 
27.0 		0.063 		0.078 
28.0 		0.066 		0.066 
29.0 		0.065 		0.071 
30.0 		0.066 		0.08 
31.0 		0.074 		0.083 
32.0 		0.078 		0.11 
33.0 		0.093 		0.111 
34.0 		0.142 		0.152 
35.0 		0.172 		0.236 
36.0 		0.264 		0.316 
37.0 		0.388 		0.509 
38.0 		0.957 		0.933 
