Residue No	ΔPhi	ΔPsi
1.0 		0.913 		0.912 
2.0 		0.234 		0.235 
3.0 		0.209 		0.189 
4.0 		0.152 		0.201 
5.0 		0.175 		0.152 
6.0 		0.152 		0.139 
7.0 		0.048 		0.121 
8.0 		0.112 		0.125 
9.0 		0.137 		0.139 
10.0 		0.129 		0.123 
11.0 		0.114 		0.141 
12.0 		0.119 		0.14 
13.0 		0.124 		0.143 
14.0 		0.122 		0.13 
15.0 		0.114 		0.137 
16.0 		0.087 		0.106 
17.0 		0.095 		0.125 
18.0 		0.101 		0.125 
19.0 		0.119 		0.144 
20.0 		0.153 		0.175 
21.0 		0.139 		0.157 
22.0 		0.159 		0.147 
23.0 		0.128 		0.126 
24.0 		0.11 		0.111 
25.0 		0.093 		0.128 
26.0 		0.125 		0.143 
27.0 		0.118 		0.116 
28.0 		0.059 		0.256 
29.0 		0.814 		0.944 
