        1    G   36.4      -0.4640       4.7498
        2    H   95.8      -0.1950       8.1842
        3    M   21.7      -0.8165       6.4069
        4    R   94.6      -0.3017       6.9746
        5    Y   20.0      -0.8399       2.4142
        6    E   97.6      -0.3177       4.9619
        7    D   41.0      -0.5521       9.6452
        8    A    4.5      -0.9469       0.7558
        9    Y   97.1      -0.2231       6.0287
       10    Q   50.4      -0.5309       2.0501
       11    Y    5.9      -0.9524       2.3064
       12    Q   39.7      -0.6311       5.7326
       13    N   79.6      -0.1536       8.5036
       14    I   19.3      -0.8166       7.2206
       15    F    8.7      -0.9212       3.6084
       16    G   10.9      -0.8397       2.2978
       17    P   37.4      -0.5602       3.7300
       18    L    3.6      -0.9674       0.7345
       19    V   12.5      -0.8538       2.2756
       20    K  108.3      -0.1569       8.6112
       21    L   26.1      -0.7634       3.5293
       22    E    8.2      -0.9426       1.6239
       23    A   28.7      -0.6607       2.6476
       24    D   64.6      -0.2940       4.5641
       25    Y   42.7      -0.6586       8.3073
       26    D   21.5      -0.7649       4.2679
       27    K   90.1      -0.2987       2.1780
       28    K   95.6      -0.2559       5.2283
       29    L   42.1      -0.6190       4.3447
       30    K   64.9      -0.4946       4.1236
       31    E   64.4      -0.5493       3.3874
       32    S   42.4      -0.5310       3.2901
       33    Q   47.2      -0.5609       7.5911
       34    T   54.8      -0.4295       3.5639
       35    Q   71.5      -0.3349       6.0006
       36    D   92.1       0.0070       4.4720
       37    N   77.1      -0.1793       4.7324
       38    I    8.1      -0.9230       3.0509
       39    T   44.4      -0.5377       5.3876
       40    V    9.8      -0.8851       1.9151
       41    R   53.8      -0.6028       9.1161
       42    W   23.3      -0.8204       1.6886
       43    D   32.4      -0.6460       3.8169
       44    L   51.1      -0.5379       5.3687
       45    G   18.6      -0.7258       4.4151
       46    L   58.7      -0.4687       6.7630
       47    N   67.4      -0.2831       6.0615
       48    K   99.0      -0.2292       5.0120
       49    K   43.0      -0.6656       6.2382
       50    R   36.6      -0.7300       4.5027
       51    I    7.0      -0.9338       0.8442
       52    A    1.7      -0.9800       0.4182
       53    Y   36.1      -0.7111       3.9527
       54    F    5.9      -0.9469       0.4442
       55    T   43.2      -0.5505       2.3829
       56    L   22.7      -0.7944       4.1808
       57    P   46.0      -0.4584       2.2554
       58    K  111.7      -0.1305       4.3087
       59    T   79.4      -0.1730       4.5227
       60    D   54.9      -0.4002       0.7626
       61    S   60.2      -0.3346       1.5441
       62    D   73.7      -0.1945       8.7387
       63    M   24.6      -0.7917       3.2043
       64    R   91.2      -0.3268       6.5085
       65    L   16.3      -0.8522       2.2845
       66    M   61.3      -0.4802       7.5237
       67    Q   58.9      -0.4520       3.4834
       68    G   12.2      -0.8208       1.5208
       69    D   18.6      -0.7973       6.9331
       70    E   34.9      -0.7558       8.6235
       71    I    2.2      -0.9794       0.6550
       72    C    2.3      -0.9674       0.5676
       73    L    3.2      -0.9708       0.6357
       74    R   56.1      -0.5858       4.7993
       75    Y   35.6      -0.7153       5.0359
       76    K   99.1      -0.2288       5.4638
       77    G   17.6      -0.7407       4.2463
       78    D  115.0       0.2564       3.6004
       79    L   91.0      -0.1766       9.2619
       80    A   44.7      -0.4714       3.8088
       81    P   73.1      -0.1402       1.8644
       82    L   67.6      -0.3882       7.2788
       83    W   26.4      -0.7971       8.0738
       84    K   95.5      -0.2565       6.3525
       85    G   11.8      -0.8259       2.7346
       86    I   39.1      -0.6281       5.0553
       87    G    3.7      -0.9453       0.7898
       88    H   23.1      -0.8057       2.8335
       89    V   10.4      -0.8788       2.4453
       90    I   12.7      -0.8792       1.3167
       91    K   63.5      -0.5059       6.1186
       92    V    7.7      -0.9102       1.3448
       93    P   35.7      -0.5794       3.5499
       94    D   78.2      -0.1455       5.4029
       95    N   98.9       0.0525       4.1839
       96    Y   97.4      -0.2212       4.6819
       97    G   23.2      -0.6583       1.6963
       98    D   35.5      -0.6120       5.4694
       99    E   45.5      -0.6818       3.9636
      100    I    6.4      -0.9393       0.9986
      101    A    8.9      -0.8948       1.3689
      102    I    6.3      -0.9398       1.1970
      103    E   50.1      -0.6496       2.0330
      104    L    7.1      -0.9354       1.4008
      105    R   79.7      -0.4119       6.4989
      106    S   42.6      -0.5288       3.9700
      107    S   81.7      -0.0967       5.6181
      108    V   83.4      -0.0248       5.6173
      109    G   50.6      -0.2556       4.6071
      110    A   34.6      -0.5911       4.1134
      111    P   56.9      -0.3302       4.2486
      112    V   52.2      -0.3897       6.3020
      113    E  113.7      -0.2048       7.3447
      114    V   39.6      -0.5373       5.6541
      115    T   57.2      -0.4041       4.0697
      116    H   65.2      -0.4523       8.6385
      117    N   61.2      -0.3488       8.5907
      118    F   22.1      -0.8001       5.2653
      119    Q   12.0      -0.8883       2.5633
      120    V    2.4      -0.9725       0.6643
      121    D   11.2      -0.8773       2.3566
      122    F    8.3      -0.9248       2.3493
      123    V    6.5      -0.9234       0.7459
      124    W   19.3      -0.8514       7.2332
      125    K   82.5      -0.3580      15.3085
      126    S   49.3      -0.4551      10.0014
      127    T   38.4      -0.5997       7.7064
      128    S    4.0      -0.9553       1.4279
      129    F   24.2      -0.7813       9.7975
      130    D   63.3      -0.3079       2.8564
      131    R   33.2      -0.7549       5.5557
      132    M    2.2      -0.9810       0.5386
      133    Q   43.3      -0.5968       6.5596
      134    S   47.8      -0.4722       8.2101
      135    A    1.1      -0.9865       0.1968
      136    L    3.5      -0.9679       0.4484
      137    K   91.3      -0.2895       3.8908
      138    T   50.1      -0.4781       6.6701
      139    F    8.6      -0.9218       1.1687
      140    A   23.2      -0.7251       4.0133
      141    V   72.2      -0.1553       2.4475
      142    D   55.2      -0.3963       9.2842
      143    E   86.2      -0.3970       9.2468
      144    T   97.8       0.0190       5.5912
      145    S   33.5      -0.6297       4.1222
      146    V   37.9      -0.5568       2.9103
      147    S   16.4      -0.8182       4.3292
      148    G    9.7      -0.8567       2.5427
      149    Y   66.8      -0.4659       9.3589
      150    I    2.4      -0.9774       0.1896
      151    Y   13.8      -0.8898       2.6599
      152    H   45.2      -0.6201       7.2195
      153    K   29.2      -0.7730       6.9071
      154    L    5.2      -0.9533       1.1102
      155    L   17.0      -0.8458       1.6971
      156    G   28.3      -0.5840       4.7754
      157    H   65.2      -0.4521       5.6509
      158    E  103.4      -0.2768       6.5205
      159    V   37.5      -0.5614       6.8475
      160    E   82.8      -0.4210      12.0639
      161    D   69.4      -0.2421       4.8656
      162    V   37.3      -0.5640       5.1119
      163    I   46.7      -0.5548       4.8594
      164    I   45.8      -0.5637       3.8968
      165    K  109.9      -0.1448       3.2429
      166    C   24.9      -0.6422       2.0408
      167    Q  104.6      -0.0265       3.9949
      168    L   33.5      -0.6971       3.1502
      169    P   19.6      -0.7692       1.6932
      170    K  113.0      -0.1206       6.2747
      171    R  103.3      -0.2374       8.1212
      172    F   11.1      -0.8999       2.9236
      173    T   66.0      -0.3130       2.2165
      174    A   52.5      -0.3785       5.4685
      175    Q  129.8       0.2077       5.2438
      176    G   42.7      -0.3725       1.9122
      177    L   26.8      -0.7579       5.8516
      178    P   58.1      -0.3159       3.3888
      179    D   79.6      -0.1296       7.4592
      180    L   12.3      -0.8884       3.2285
      181    N   15.8      -0.8317       3.4512
      182    H  108.6      -0.0870      12.2830
      183    S   16.6      -0.8164       9.2299
      184    Q    4.4      -0.9595       1.0336
      185    V   33.9      -0.6034       5.2273
      186    Y   88.2      -0.2946       6.3792
      187    A    0.7      -0.9916       0.3255
      188    V    1.1      -0.9872       0.4165
      189    K   86.1      -0.3299       6.7556
      190    T   38.7      -0.5964       4.5906
      191    V    3.3      -0.9618       1.1229
      192    L   14.3      -0.8706       4.0294
      193    Q  101.2      -0.0589      17.6082
      194    R   84.5      -0.3766       4.1684
      195    P   59.1      -0.3043       6.5506
      196    L    8.2      -0.9256       3.4068
      197    S    5.4      -0.9403       1.0781
      198    L    8.5      -0.9227       2.1981
      199    I    8.3      -0.9210       3.8471
      200    Q    7.3      -0.9325       2.5229
      201    G    4.9      -0.9276       1.2392
      202    P   24.2      -0.7148      12.4031
      203    P   25.4      -0.7016       6.4657
      204    G   19.9      -0.7075       7.2845
      205    T   17.4      -0.8190       2.0793
      206    G   11.4      -0.8325       1.1732
      207    K   30.7      -0.7608      16.9571
      208    T    8.4      -0.9129       2.9138
      209    V   19.2      -0.7753       5.8332
      210    T    5.8      -0.9395       2.0496
      211    S    4.2      -0.9537       1.6318
      212    A    2.5      -0.9709       0.6684
      213    T   15.6      -0.8371       3.0961
      214    I    3.0      -0.9714       0.4291
      215    V    1.1      -0.9874       0.2452
      216    Y   26.6      -0.7874       4.8602
      217    H   33.0      -0.7226       3.8476
      218    L    6.8      -0.9385       2.2150
      219    A    6.1      -0.9280       1.3682
      220    R  113.7      -0.1610       4.9080
      221    Q   82.2      -0.2350       7.4071
      222    G   38.8      -0.4290       6.2267
      223    N   97.9       0.0414       9.7554
      224    G   13.3      -0.8041       4.4891
      225    P   17.4      -0.7957       6.0266
      226    V    2.3      -0.9735       0.9130
      227    L    2.2      -0.9800       0.6765
      228    V    1.1      -0.9872       0.3334
      229    C    1.2      -0.9825       0.3647
      230    A    2.0      -0.9767       0.7701
      231    P   12.6      -0.8522       2.7221
      232    S   13.8      -0.8481       3.8926
      233    N   10.9      -0.8839       3.1118
      234    I   30.1      -0.7131       5.2936
      235    A    2.2      -0.9744       0.4166
      236    V    2.7      -0.9688       0.6553
      237    D    6.7      -0.9269       3.2334
      238    Q   27.7      -0.7423       5.1224
      239    L    3.4      -0.9689       0.6233
      240    T    3.0      -0.9692       0.1680
      241    E   25.7      -0.8202       5.3627
      242    K   37.8      -0.7062       4.8424
      243    I    4.1      -0.9607       0.7859
      244    H   50.4      -0.5766       9.5477
      245    Q  110.4       0.0268       7.3282
      246    T   43.4      -0.5484       7.1181
      247    G   43.3      -0.3637       5.8736
      248    L   15.1      -0.8636       1.5992
      249    K   73.5      -0.4279       6.2483
      250    V    1.7      -0.9800       0.5500
      251    V    2.8      -0.9676       0.8727
      252    R    8.0      -0.9413       1.6425
      253    L    3.6      -0.9674       1.0372
      254    C    7.7      -0.8893       2.8206
      255    A    8.4      -0.9008       3.3811
      256    K   71.8      -0.4416      10.0637
      257    S   20.4      -0.7744       6.2051
      258    R   21.5      -0.8415       7.7712
      259    E   83.8      -0.4137       4.1443
      260    A   33.4      -0.6045       8.3837
      261    I   16.6      -0.8422       4.2647
      262    D   91.4      -0.0011       5.0754
      263    S   40.9      -0.5478       2.7091
      264    P   57.1      -0.3280       2.7543
      265    V   16.5      -0.8072       2.2951
      266    S   42.0      -0.5357       1.5075
      267    F   55.3      -0.4998       3.6067
      268    L   24.9      -0.7749       1.6900
      269    A   20.4      -0.7592       2.9410
      270    L   29.4      -0.7341       4.5357
      271    H   33.2      -0.7207       3.9446
      272    N   50.9      -0.4586       5.6525
      273    Q   32.3      -0.6993       4.7352
      274    I   20.6      -0.8039       2.2327
      275    R  109.7      -0.1907       6.9040
      276    N   95.3       0.0142       5.7941
      277    M   31.2      -0.7354       3.9070
      278    D  103.6       0.1326       5.3374
      279    S   59.6      -0.3414       3.1892
      280    M   61.2      -0.4813       7.1545
      281    P   65.5      -0.2298       3.9461
      282    E   80.0      -0.4408       9.5057
      283    L   18.1      -0.8364       4.2137
      284    Q   79.7      -0.2590       1.5773
      285    K  110.6      -0.1390       6.7191
      286    L   12.7      -0.8850       2.6341
      287    Q   50.0      -0.5348       5.6245
      288    Q  108.0       0.0046       7.5164
      289    L   47.8      -0.5677       7.8891
      290    K   42.7      -0.6674      10.4307
      291    D  102.8       0.1233       9.0041
      292    E  118.6      -0.1704       4.8297
      293    T   50.9      -0.4695       6.0347
      294    G   33.7      -0.5051       2.5901
      295    E  120.1      -0.1599       6.1087
      296    L   61.9      -0.4396       6.3677
      297    S   39.3      -0.5659       7.4562
      298    S   60.0      -0.3370       8.0440
      299    A   45.4      -0.4632       5.8372
      300    D   30.0      -0.6718       7.4195
      301    E   63.6      -0.5556      11.2095
      302    K  133.8       0.0411       5.2898
      303    R  107.8      -0.2042       6.0880
      304    Y   20.0      -0.8399       3.4040
      305    R  116.9      -0.1374       3.5620
      306    A   48.5      -0.4255       1.9512
      307    L   29.4      -0.7338       6.0781
      308    K   52.3      -0.5930       3.0544
      309    R  104.5      -0.2288       6.0431
      310    T   50.9      -0.4700       2.7963
      311    A    5.6      -0.9332       1.0344
      312    E   30.3      -0.7882       4.5184
      313    R   87.5      -0.3543       4.9493
      314    E   64.0      -0.5524       2.6591
      315    L    5.7      -0.9483       0.9413
      316    L   12.5      -0.8873       2.7403
      317    M   77.8      -0.3404       4.4701
      318    N   74.0      -0.2130       6.6973
      319    A    3.4      -0.9598       0.8423
      320    D   71.5      -0.2189       5.5458
      321    V    6.3      -0.9263       0.7213
      322    I   14.1      -0.8659       2.0716
      323    C    3.6      -0.9476       0.6208
      324    C    3.2      -0.9545       0.9499
      325    T    9.5      -0.9016       1.3526
      326    C    9.3      -0.8669       1.1867
      327    V   34.6      -0.5955       4.9923
      328    G   10.6      -0.8448       1.7690
      329    A   16.7      -0.8019       1.5082
      330    G   19.8      -0.7092       3.7008
      331    D   26.5      -0.7107       3.2964
      332    P   78.4      -0.0773       4.3441
      333    R   96.0      -0.2915      13.0932
      334    L    9.0      -0.9190       1.7514
      335    A   42.5      -0.4968       2.5516
      336    K  136.1       0.0588       7.0885
      337    M   37.0      -0.6868       9.3955
      338    Q   78.5      -0.2699       4.3947
      339    F    7.3      -0.9340       2.0619
      340    R   96.5      -0.2881       9.2966
      341    S   10.3      -0.8859       2.4038
      342    I    5.7      -0.9456       0.9001
      343    L    9.9      -0.9103       2.4571
      344    I    5.2      -0.9508       0.9259
      345    D    5.2      -0.9433       1.1067
      346    E   15.1      -0.8945       1.8220
      347    S    7.0      -0.9228       0.9938
      348    T   17.2      -0.8203       4.5612
      349    Q    9.4      -0.9125       3.0671
      350    A    5.5      -0.9343       1.2372
      351    T   25.3      -0.7369       6.5754
      352    E   14.9      -0.8962       3.3839
      353    P    6.4      -0.9250       2.5595
      354    E   30.8      -0.7843       4.1038
      355    C    3.6      -0.9476       1.3360
      356    M    4.9      -0.9582       2.4171
      357    V   11.6      -0.8642       2.1720
      358    P   21.9      -0.7418       5.5998
      359    V   13.3      -0.8444       2.9392
      360    V   20.3      -0.7629       1.1001
      361    L   42.4      -0.6164       6.5883
      362    G   33.2      -0.5122       3.3585
      363    A   11.3      -0.8660       3.1804
      364    K  117.8      -0.0832       5.3771
      365    Q   27.6      -0.7431       4.8348
      366    L    4.0      -0.9641       0.7866
      367    I    5.7      -0.9459       1.2908
      368    L    4.9      -0.9553       1.2970
      369    V    6.4      -0.9247       1.2666
      370    G    5.2      -0.9242       1.0638
      371    D   23.5      -0.7435       3.8523
      372    H   35.5      -0.7015       4.4555
      373    C   21.7      -0.6871       4.9722
      374    Q   14.2      -0.8677       3.4723
      375    L   13.6      -0.8767       3.6186
      376    G   17.6      -0.7405       6.8380
      377    P   30.7      -0.6389       3.8933
      378    V   19.4      -0.7733       2.4919
      379    V   19.3      -0.7747       4.8645
      380    M   53.7      -0.5450       3.5554
      381    C   10.5      -0.8486       3.2179
      382    K  111.9      -0.1294       3.2477
      383    K  132.7       0.0324       3.4017
      384    A    8.7      -0.8976       1.8939
      385    A   35.0      -0.5862       3.5587
      386    K  141.2       0.0989       7.8767
      387    A   56.2      -0.3345       4.3506
      388    G   38.4      -0.4355       4.5109
      389    L   13.9      -0.8746       2.5937
      390    S   40.7      -0.5506       3.0393
      391    Q   53.3      -0.5041       5.6120
      392    S   18.2      -0.7989       2.6171
      393    L    5.3      -0.9521       0.8796
      394    F    6.9      -0.9380       1.1976
      395    E   33.1      -0.7688       6.7581
      396    R   41.9      -0.6907      11.3554
      397    L    3.7      -0.9668       1.1924
      398    V   20.3      -0.7621       1.7758
      399    V   70.3      -0.1778       5.1150
      400    L   54.9      -0.5035      10.9733
      401    G   31.1      -0.5431       3.9088
      402    I   40.2      -0.6168       7.5439
      403    R  124.8      -0.0790       5.1705
      404    P   36.2      -0.5740       3.0014
      405    I   20.6      -0.8034       3.0979
      406    R   66.5      -0.5089       1.7146
      407    L    4.8      -0.9566       0.5410
      408    Q   48.0      -0.5536       4.2363
      409    V    9.1      -0.8930       1.7015
      410    Q   19.6      -0.8175       3.5528
      411    Y   22.8      -0.8176       7.1764
      412    R   57.3      -0.5774       7.9913
      413    M   24.1      -0.7954      11.5998
      414    H   31.4      -0.7360       3.2832
      415    P   75.0      -0.1171       3.3826
      416    A   29.4      -0.6520       2.9642
      417    L    6.6      -0.9404       2.0228
      418    S   16.1      -0.8223       1.8690
      419    A   56.1      -0.3357       3.1375
      420    F   21.9      -0.8016       1.6416
      421    P   34.1      -0.5990       5.1596
      422    S   13.4      -0.8519       2.4719
      423    N   67.6      -0.2811       5.1264
      424    I   53.5      -0.4902      12.1723
      425    F   26.7      -0.7585       5.5578
      426    Y   26.9      -0.7851       4.8372
      427    E   88.9      -0.3785       6.8531
      428    G   27.0      -0.6029       6.5008
      429    S   38.2      -0.5776       4.3004
      430    L   13.1      -0.8813       4.1152
      431    Q   74.5      -0.3073       7.1792
      432    N   46.9      -0.5011      11.3549
      433    G   20.0      -0.7061       3.0854
      434    V   77.6      -0.0921       6.0720
      435    T   47.1      -0.5094       5.3676
      436    A    5.4      -0.9365       1.0818
      437    A   37.4      -0.5576       4.2365
      438    D   63.9      -0.3015       5.9367
      439    R   18.7      -0.8623       4.4081
      440    V   35.8      -0.5816       2.9257
      441    K   51.7      -0.5973       7.1794
      442    K  100.0      -0.2222       7.7618
      443    G   41.2      -0.3940       5.3607
      444    F   29.8      -0.7299       3.8823
      445    D  103.5       0.1308       4.5938
      446    F   27.5      -0.7516       1.5988
      447    Q  115.0       0.0697      10.8899
      448    W   42.4      -0.6737      12.0145
      449    P   67.0      -0.2116       5.1507
      450    Q   63.7      -0.4071      11.6449
      451    P   59.4      -0.3015       2.3312
      452    D   73.7      -0.1941       4.1722
      453    K   58.4      -0.5458       6.6271
      454    P    2.5      -0.9705       0.9222
      455    M    2.6      -0.9783       0.4276
      456    F    8.2      -0.9259       1.6614
      457    F    3.4      -0.9691       0.8158
      458    Y    8.8      -0.9295       2.1421
      459    V    7.1      -0.9164       1.3852
      460    T    3.6      -0.9626       0.9481
      461    Q   69.6      -0.3525       5.2952
      462    G    9.5      -0.8607       3.3988
      463    Q   80.6      -0.2506       8.1744
      464    E   16.5      -0.8847       2.6146
      465    E   74.4      -0.4796       4.9168
      466    I   65.0      -0.3812       4.8090
      467    A   51.4      -0.3914       3.5992
      468    S   98.3       0.0862       3.0018
      469    S   77.8      -0.1398       2.0218
      470    G   40.0      -0.4113       3.7283
      471    T   70.8      -0.2625       4.7588
      472    S    5.7      -0.9370       1.9861
      473    Y   86.9      -0.3044       5.7687
      474    L   44.4      -0.5982       6.7373
      475    N    6.8      -0.9276       1.9835
      476    R  119.2      -0.1207       8.9351
      477    T   60.8      -0.3668       6.5962
      478    E    2.4      -0.9833       0.4206
      479    A    1.2      -0.9856       0.2419
      480    A   36.8      -0.5641       4.4390
      481    N   17.7      -0.8121       2.2056
      482    V    0.8      -0.9907       0.1708
      483    E   30.6      -0.7862       6.1917
      484    K   99.0      -0.2293       3.6604
      485    I    2.7      -0.9738       0.7531
      486    T    0.9      -0.9903       0.3301
      487    T   34.9      -0.6367       2.7683
      488    K   69.0      -0.4634       4.1755
      489    L    2.6      -0.9761       0.7380
      490    L   16.6      -0.8495       3.9890
      491    K  138.7       0.0790       5.5348
      492    A   34.0      -0.5975       5.1429
      493    G   34.2      -0.4976       3.3843
      494    A    8.2      -0.9032       1.3931
      495    K  102.0      -0.2064      10.5102
      496    P   43.7      -0.4856       6.0658
      497    D  101.2       0.1062       9.5384
      498    Q   27.4      -0.7454       6.5703
      499    I    2.7      -0.9747       1.2808
      500    G    1.0      -0.9851       0.2302
      501    I    3.3      -0.9682       0.6693
      502    I    1.8      -0.9832       1.0102
      503    T    7.8      -0.9185       1.8229
      504    P   12.7      -0.8506       6.4349
      505    Y   20.8      -0.8336      11.9024
      506    E   89.3      -0.3755       8.1436
      507    G    9.9      -0.8544       1.4792
      508    Q    3.3      -0.9691       1.1652
      509    R   30.8      -0.7726       9.3194
      510    S   39.9      -0.5586       8.6950
      511    Y   36.3      -0.7092       4.1094
      512    L    1.3      -0.9886       0.2036
      513    V   21.5      -0.7483       0.9532
      514    Q   80.0      -0.2560       2.3362
      515    Y   30.5      -0.7560       3.6216
      516    M    6.7      -0.9433       0.9454
      517    Q   86.6      -0.1944       5.5983
      518    F   89.7      -0.1879       6.7208
      519    S   35.3      -0.6097       3.1178
      520    G   38.6      -0.4321       5.4795
      521    S   54.9      -0.3935       8.8477
      522    L   22.9      -0.7924       2.6341
      523    H   76.4      -0.3584       4.8622
      524    T   64.9      -0.3238       6.9412
      525    K  143.1       0.1139       6.9496
      526    L   43.5      -0.6067       6.3088
      527    Y   27.1      -0.7833       5.0310
      528    Q  107.3      -0.0014       5.6177
      529    E   83.2      -0.4179       6.3757
      530    V    2.6      -0.9695       0.6857
      531    E   22.5      -0.8425       4.6851
      532    I    6.0      -0.9433       1.2176
      533    A   29.5      -0.6508       6.8066
      534    S   12.8      -0.8583       3.5112
      535    V    9.1      -0.8930       3.3297
      536    D   16.1      -0.8245       3.9525
      537    A   15.2      -0.8203       3.0049
      538    F   29.3      -0.7346      11.2540
      539    Q   22.1      -0.7942       7.0486
      540    G   14.2      -0.7912       3.4049
      541    R   73.9      -0.4548       6.6624
      542    E   27.9      -0.8051      14.5061
      543    K   52.8      -0.5887       9.1854
      544    D   18.9      -0.7933       4.6935
      545    F    6.9      -0.9377       2.5244
      546    I    1.0      -0.9901       0.1834
      547    I    2.2      -0.9793       0.8409
      548    L    2.3      -0.9792       0.8653
      549    S    2.0      -0.9783       0.3239
      550    C    1.5      -0.9781       0.6003
      551    V    6.1      -0.9284       2.4371
      552    R   20.0      -0.8523       6.2378
      553    A    8.6      -0.8979       1.5346
      554    N   10.4      -0.8893       3.6459
      555    E  118.6      -0.1706       9.2247
      556    H  113.9      -0.0429       6.4464
      557    Q   83.4      -0.2242      12.3664
      558    G   16.5      -0.7569       5.9916
      559    I   15.2      -0.8555       6.7204
      560    G    3.8      -0.9440       0.6318
      561    F   15.1      -0.8632       5.6303
      562    L   22.1      -0.8003       5.9484
      563    N   61.7      -0.3441      12.9950
      564    D   30.6      -0.6652      10.0483
      565    P   49.8      -0.4137       6.2888
      566    R   44.8      -0.6695       8.3418
      567    R   25.6      -0.8112       7.7818
      568    L   11.1      -0.8999       2.5990
      569    N    9.5      -0.8988       6.8287
      570    V    4.9      -0.9433       1.2539
      571    A    3.8      -0.9548       1.8996
      572    L   18.2      -0.8355       8.4211
      573    T   12.4      -0.8707       3.2834
      574    R   37.5      -0.7232       8.5878
      575    A   10.9      -0.8708       2.6397
      576    R   93.8      -0.3078      14.7631
      577    Y   46.3      -0.6298       5.7989
      578    G   10.3      -0.8487       3.0953
      579    V    1.2      -0.9862       0.5780
      580    I    2.3      -0.9785       0.9651
      581    I    2.3      -0.9780       0.5840
      582    V    3.2      -0.9623       1.7575
      583    G    4.5      -0.9345       1.8512
      584    N   12.1      -0.8712       2.8522
      585    P   23.5      -0.7233       5.0777
      586    K  106.4      -0.1717       9.1969
      587    A    3.2      -0.9625       0.5028
      588    L    8.9      -0.9193       2.1309
      589    S   20.7      -0.7710       3.6419
      590    K  105.1      -0.1824      10.0054
      591    Q   29.7      -0.7235      14.3568
      592    P   67.0      -0.2119       4.0990
      593    L    5.2      -0.9530       0.8882
      594    W    6.3      -0.9514       0.6971
      595    N   33.8      -0.6408       2.6258
      596    H   56.9      -0.5216       5.8852
      597    L    2.1      -0.9807       0.7213
      598    L    5.7      -0.9488       1.2924
      599    N   52.4      -0.4425       3.8294
      600    Y   13.6      -0.8913       2.0422
      601    Y    8.8      -0.9297       1.9374
      602    K   95.8      -0.2548       5.9030
      603    E  120.8      -0.1555       5.2455
      604    Q   55.2      -0.4866       7.3217
      605    K  121.0      -0.0587      10.7904
      606    V   21.9      -0.7436       3.4146
      607    L   22.4      -0.7976       5.1974
      608    V   16.5      -0.8075       2.0222
      609    E   53.2      -0.6278       3.8599
      610    G    8.7      -0.8723       0.9184
      611    P   54.0      -0.3643       3.1666
      612    L   17.8      -0.8391       3.9365
      613    N   82.0      -0.1281       6.6676
      614    N   53.8      -0.4273       8.7420
      615    L    9.2      -0.9164       2.2259
      616    R   98.8      -0.2711       7.6810
      617    E   89.1      -0.3769       7.6831
      618    S   11.8      -0.8695       1.4313
      619    L   28.0      -0.7468       6.6043
      620    M   74.1      -0.3718       5.4752
      621    Q   96.2      -0.1053       3.2080
      622    F   43.6      -0.6058       7.1361
      623    S   63.3      -0.3010       2.6432
