No:  residues    OPAL PROMISS  MoRFchibi 
1.0    V  0.763027 0.793421 0.735490 
2.0    S  0.763027 0.800092 0.735680 
3.0    C  0.764250 0.800372 0.736298 
4.0    E  0.764678 0.802177 0.736298 
5.0    D  0.764678 0.802507 0.736298 
6.0    C  0.764678 0.804467 0.735680 
7.0    P  0.766874 0.804587 0.730930 
8.0    E  0.766921 0.804587 0.728840 
9.0    H  0.769094 0.804587 0.727795 
10.0    C  0.769881 0.804587 0.727272 
11.0    S  0.770011 0.804587 0.715635 
12.0    T  0.770289 0.804972 0.711882 
13.0    Q  0.771504 0.804972 0.706990 
14.0    K  0.771568 0.804972 0.702905 
15.0    A  0.771792 0.804587 0.715445 
16.0    Q  0.771593 0.803122 0.715445 
17.0    A  0.771504 0.802948 0.715445 
18.0    K  0.770981 0.802948 0.715445 
19.0    C  0.770720 0.802948 0.744515 
20.0    D  0.770590 0.802948 0.744515 
21.0    N  0.769338 0.802948 0.744515 
22.0    D  0.767680 0.802626 0.745038 
23.0    K  0.767633 0.800240 0.745513 
24.0    C  0.767266 0.799224 0.748505 
25.0    V  0.767266 0.798859 0.751640 
26.0    C  0.767266 0.790004 0.751165 
27.0    E  0.767266 0.786099 0.750642 
28.0    P  0.767223 0.785229 0.750642 
29.0    I  0.767223 0.776210 0.750642 
