No:  residues    OPAL PROMISS  MoRFchibi 
1.0    D  0.875389 0.796051 0.950000 
2.0    W  0.875768 0.797138 0.950000 
3.0    L  0.876166 0.797977 0.950000 
4.0    K  0.876281 0.798082 0.950000 
5.0    A  0.876917 0.799936 0.950000 
6.0    R  0.876917 0.800941 0.950000 
7.0    V  0.876917 0.801875 0.950000 
8.0    E  0.876917 0.802389 0.950000 
9.0    Q  0.876917 0.803389 0.950000 
10.0    E  0.876917 0.803454 0.950000 
11.0    L  0.877168 0.804228 0.950000 
12.0    Q  0.877401 0.804769 0.950000 
13.0    A  0.877530 0.805504 0.950000 
14.0    L  0.877745 0.805933 0.950000 
15.0    E  0.877745 0.806686 0.950000 
16.0    A  0.877745 0.807041 0.950000 
17.0    R  0.877745 0.807731 0.950000 
18.0    G  0.877745 0.808420 0.901075 
19.0    T  0.877745 0.808245 0.901075 
20.0    D  0.877745 0.807884 0.901075 
21.0    S  0.877745 0.807584 0.901075 
22.0    N  0.877436 0.806530 0.901075 
23.0    A  0.876597 0.805694 0.950000 
24.0    E  0.876371 0.804729 0.950000 
25.0    L  0.876312 0.803892 0.950000 
26.0    R  0.875620 0.803249 0.950000 
27.0    A  0.875291 0.802013 0.950000 
28.0    M  0.875093 0.798655 0.950000 
29.0    E  0.875015 0.797752 0.950000 
30.0    A  0.873959 0.797516 0.950000 
31.0    K  0.873959 0.794751 0.950000 
32.0    L  0.873959 0.793435 0.950000 
33.0    K  0.873959 0.792643 0.950000 
34.0    A  0.873959 0.792329 0.950000 
35.0    E  0.873959 0.790143 0.950000 
36.0    I  0.873676 0.789976 0.950000 
37.0    Q  0.873283 0.789239 0.950000 
38.0    K  0.872863 0.788202 0.950000 
