No:  residues  PROMIS MoRFbi-1  MoRFbi-2 MoRFwin 
1.0    M  0.640682 0.618340 0.631339 0.672368 
2.0    E  0.640682 0.618340 0.631339 0.672368 
3.0    P  0.640895 0.618340 0.631339 0.673007 
4.0    V  0.640895 0.618340 0.631339 0.673007 
5.0    D  0.643051 0.618340 0.631339 0.679475 
6.0    P  0.643051 0.618340 0.631339 0.679475 
7.0    N  0.643051 0.618340 0.631339 0.679475 
8.0    L  0.643051 0.618340 0.631339 0.679475 
9.0    E  0.643051 0.618340 0.631339 0.679475 
10.0    P  0.643051 0.618340 0.631339 0.679475 
11.0    W  0.643051 0.618340 0.631339 0.679475 
12.0    N  0.643051 0.618340 0.631339 0.679475 
13.0    H  0.643051 0.618340 0.631339 0.679475 
14.0    P  0.643051 0.618340 0.631339 0.679475 
15.0    G  0.641359 0.618340 0.631339 0.674397 
16.0    S  0.641359 0.618340 0.631339 0.674397 
17.0    Q  0.641359 0.618340 0.631339 0.674397 
18.0    P  0.638179 0.618340 0.631339 0.664858 
19.0    K  0.640729 0.618340 0.631339 0.672507 
20.0    T  0.640729 0.618340 0.631339 0.672507 
21.0    A  0.640729 0.618340 0.631339 0.672507 
22.0    C  0.640729 0.618340 0.631339 0.672507 
23.0    N  0.640729 0.618340 0.631339 0.672507 
24.0    N  0.640729 0.618340 0.631339 0.672507 
25.0    C  0.640729 0.618340 0.631339 0.672507 
26.0    Y  0.640903 0.618340 0.631339 0.673031 
27.0    C  0.641109 0.618340 0.631339 0.673647 
28.0    K  0.641109 0.618340 0.631339 0.673647 
29.0    R  0.641109 0.618340 0.631339 0.673647 
30.0    C  0.640903 0.618340 0.631339 0.673031 
31.0    S  0.638709 0.616749 0.626347 0.673031 
32.0    Y  0.636684 0.615805 0.621215 0.673031 
33.0    H  0.634510 0.614532 0.615967 0.673031 
34.0    C  0.632060 0.612713 0.610438 0.673031 
35.0    L  0.628788 0.608686 0.604645 0.673031 
36.0    V  0.625775 0.605486 0.598808 0.673031 
37.0    C  0.623275 0.603689 0.593107 0.673031 
38.0    F  0.620475 0.601533 0.586860 0.673031 
39.0    Q  0.613222 0.598258 0.580340 0.661070 
40.0    T  0.610032 0.594562 0.574464 0.661070 
41.0    K  0.600876 0.594562 0.568946 0.639120 
42.0    G  0.600778 0.594562 0.568946 0.638826 
43.0    L  0.596548 0.594562 0.568946 0.626136 
44.0    G  0.588312 0.594562 0.568946 0.601427 
45.0    I  0.585971 0.594562 0.568946 0.594405 
46.0    S  0.586655 0.598215 0.568946 0.592804 
47.0    Y  0.587233 0.608877 0.568946 0.583876 
48.0    G  0.579840 0.610714 0.568946 0.559859 
49.0    R  0.584075 0.623419 0.568946 0.559859 
50.0    K  0.586872 0.631811 0.568946 0.559859 
51.0    K  0.584671 0.639009 0.563955 0.551049 
52.0    R  0.582073 0.644451 0.564888 0.536880 
53.0    R  0.583406 0.644451 0.564888 0.540879 
54.0    Q  0.594997 0.644451 0.564888 0.575654 
55.0    R  0.594997 0.644451 0.564888 0.575654 
56.0    R  0.599899 0.644451 0.564888 0.590358 
57.0    S  0.599899 0.644451 0.564888 0.590358 
58.0    A  0.603178 0.644451 0.564888 0.600195 
59.0    P  0.610129 0.644451 0.564888 0.621048 
60.0    P  0.611251 0.644451 0.564888 0.624415 
61.0    S  0.613842 0.652012 0.564888 0.624625 
62.0    S  0.616440 0.653335 0.568134 0.627851 
63.0    E  0.621307 0.657771 0.573113 0.633038 
64.0    D  0.625998 0.660448 0.578715 0.638831 
65.0    H  0.633071 0.666595 0.584759 0.647860 
66.0    Q  0.646480 0.671881 0.590810 0.676748 
67.0    N  0.651989 0.682544 0.596674 0.676748 
68.0    P  0.654509 0.684381 0.602400 0.676748 
69.0    I  0.660607 0.697085 0.607989 0.676748 
70.0    P  0.665082 0.705478 0.613019 0.676748 
71.0    K  0.669174 0.712676 0.618098 0.676748 
72.0    Q  0.672778 0.718118 0.623221 0.676996 
73.0    P  0.672778 0.718118 0.623221 0.676996 
74.0    L  0.673188 0.718118 0.623221 0.678226 
75.0    P  0.674194 0.718118 0.623221 0.681243 
76.0    Q  0.675051 0.718118 0.623221 0.683814 
77.0    T  0.675115 0.718118 0.623221 0.684006 
78.0    R  0.675327 0.718118 0.623221 0.684641 
79.0    G  0.675841 0.718118 0.623221 0.686184 
80.0    D  0.680710 0.718118 0.623221 0.700791 
81.0    Q  0.680710 0.718118 0.623221 0.700791 
82.0    T  0.680710 0.718118 0.623221 0.700791 
83.0    G  0.680710 0.718118 0.623221 0.700791 
84.0    S  0.681387 0.718118 0.623221 0.702822 
85.0    E  0.681392 0.718118 0.623221 0.702839 
86.0    E  0.682129 0.718118 0.623221 0.705049 
87.0    S  0.681392 0.718118 0.623221 0.702839 
88.0    K  0.681392 0.718118 0.623221 0.702839 
89.0    K  0.681392 0.718118 0.623221 0.702839 
90.0    K  0.681392 0.718118 0.623221 0.702839 
91.0    V  0.681392 0.718118 0.623221 0.702839 
92.0    E  0.681392 0.718118 0.623221 0.702839 
93.0    S  0.681392 0.718118 0.623221 0.702839 
94.0    K  0.681392 0.718118 0.623221 0.702839 
95.0    T  0.681392 0.718118 0.623221 0.702839 
96.0    E  0.681392 0.718118 0.623221 0.702839 
97.0    T  0.681392 0.718118 0.623221 0.702839 
98.0    D  0.681392 0.718118 0.623221 0.702839 
99.0    P  0.680552 0.718118 0.623221 0.700317 
100.0    F  0.677644 0.718118 0.623221 0.691592 
101.0    D  0.671867 0.718118 0.623221 0.674263 
