1
0
0.01
0.01
0.01
0.01
0.01
0.01
0.01
0.01
0.01
0.01
0.01
0.01
0.01
0.01
0.01
0.01
0.01
0.01
0.01
0.01
0.01
0.01
0.01
0.01
0.0100142
0.0104496
0.010885
0.0113204
0.0117558
0.0121912
0.0126266
0.013062
0.0134974
0.0139328
0.0143682
0.0148036
0.015239
0.0156744
0.0161098
0.0165452
0.0169806
0.017416
0.0178514
0.0182868
0.0187222
0.0191576
0.019593
0.0200284
0.0204638
0.0208992
0.0213346
0.02177
0.0222054
0.0226408
0.0230762
0.0235116
0.023947
0.0243824
0.0248178
0.0252532
0.0256886
0.026124
0.0265594
0.0269948
0.0274302
0.0278657
0.0283011
0.0287365
0.0291719
0.0296073
0.0300427
0.0304781
0.0309135
0.0313489
0.0317843
0.0322197
0.0326551
0.0330905
0.0335259
0.0339613
0.0343967
0.0348321
0.0352675
0.0357029
0.0361383
0.0365737
0.0370091
0.0374445
0.0378799
0.0383153
0.0387507
0.0391861
0.0396215
0.0400569
0.0404923
0.0409277
0.0413631
0.0417985
0.0422339
0.0426693
0.0431047
0.0435401
0.0439755
0.0444109
0.0448463
0.0452817
0.0457171
0.0461525
0.0465879
0.0470233
0.0474587
0.0478941
0.0483295
0.0487649
0.0492003
0.0496357
0.0500711
0.0505065
0.0509419
0.0513773
0.0518127
0.0522481
0.0526835
0.0531189
0.0535543
0.0539897
0.0544251
0.0548605
0.0552959
0.0557313
0.0561667
0.0566021
0.0570375
0.0574729
0.0579083
0.0583437
0.0587791
0.0592145
0.0596499
0.0600853
0.0605207
0.0609561
0.0613915
0.0618269
0.0622623
0.0626977
0.0631331
0.0635685
0.0640039
0.0644393
0.0648747
0.0653101
0.0657455
0.0661809
0.0666163
0.0670517
0.0674871
0.0679225
0.0683579
0.0687933
0.0692287
0.0696641
0.0700995
0.0705349
0.0709703
0.0714057
0.0718411
0.0722765
0.0727119
0.0731473
0.0735827
0.0740181
0.0744535
0.0748889
0.0753243
0.0757597
0.0761951
0.0766305
0.0770659
0.0775013
0.0779367
0.0783721
0.0788075
0.0792429
0.0796783
0.0801137
0.0805491
0.0809845
0.08142
0.0818553
0.0822907
0.0827262
0.0831616
0.083597
0.0840324
0.0844678
0.0849032
0.0853386
0.085774
0.0862094
0.0866448
0.0870802
0.0875156
0.087951
0.0883864
0.0888218
0.0892572
0.0896926
0.090128
0.0905634
0.0909988
0.0914342
0.0918696
0.092305
0.0927404
0.0931758
0.0936112
0.0940466
0.094482
0.0949174
0.0953528
0.0957882
0.0962236
0.096659
0.0970944
0.0975298
0.0979652
0.0984006
0.098836
0.0992714
0.0997068
0.100142
0.100578
0.101013
0.101448
0.101884
0.102319
0.102755
0.10319
0.103625
0.104061
0.104496
0.104932
0.105367
0.105802
0.106238
0.106673
0.107109
0.107544
0.107979
0.108415
0.10885
0.109286
0.109721
0.110156
0.110592
0.111027
0.111463
0.111898
0.112333
0.112769
0.113204
0.11364
0.114075
0.11451
0.114946
0.115381
0.115817
0.116252
0.116687
0.117123
0.117558
0.117994
0.118429
0.118864
0.1193
0.119735
0.120171
0.120606
0.121041
0.121477
0.121912
0.122348
0.122783
0.123218
0.123654
0.124089
0.124525
0.12496
0.125395
0.125831
0.126266
0.126702
0.127137
0.127572
0.128008
0.128443
0.128879
0.129314
0.129749
0.130185
0.13062
0.131056
0.131491
0.131926
0.132362
0.132797
0.133233
0.133668
0.134103
0.134539
0.134974
0.13541
0.135845
0.13628
0.136716
0.137151
0.137587
0.138022
0.138457
0.138893
0.139328
0.139764
0.140199
0.140634
0.14107
0.141505
0.141941
0.142376
0.142811
0.143247
0.143682
0.144118
0.144553
0.144988
0.145424
0.145859
0.146295
0.14673
0.147165
0.147601
0.148036
0.148472
0.148907
0.149342
0.149778
0.150213
0.150649
0.151084
0.151519
0.151955
0.15239
0.152826
0.153261
0.153696
0.154132
0.154567
0.155003
0.155438
0.155873
0.156309
0.156744
0.15718
0.157615
0.15805
0.158486
0.158921
0.159357
0.159792
0.160227
0.160663
0.161098
0.161534
0.161969
0.162404
0.16284
0.163275
0.163711
0.164146
0.164581
0.165017
0.165452
0.165888
0.166323
0.166759
0.167194
0.167629
0.168065
0.1685
0.168936
0.169371
0.169806
0.170242
0.170677
0.171113
0.171548
0.171983
0.172419
0.172854
0.17329
0.173725
0.17416
0.174596
0.175031
0.175467
0.175902
0.176337
0.176773
0.177208
0.177644
0.178079
0.178514
0.17895
0.179385
0.179821
0.180256
0.180691
0.181127
0.181562
0.181998
0.182433
0.182868
0.183304
0.183739
0.184175
0.18461
0.185045
0.185481
0.185916
0.186352
0.186787
0.187222
0.187658
0.188093
0.188529
0.188964
0.189399
0.189835
0.19027
0.190706
0.191141
0.191576
0.192012
0.192447
0.192883
0.193318
0.193753
0.194189
0.194624
0.19506
0.195495
0.19593
0.196366
0.196801
0.197237
0.197672
0.198107
0.198543
0.198978
0.199414
0.199849
0.200284
0.20072
0.201155
0.201591
0.202026
0.202461
0.202897
0.203332
0.203768
0.204203
0.204638
0.205074
0.205509
0.205945
0.20638
0.206815
0.207251
0.207686
0.208122
0.208557
0.208992
0.209428
0.209863
0.210299
0.210734
0.211169
0.211605
0.21204
0.212476
0.212911
0.213346
0.213782
0.214217
0.214653
0.215088
0.215523
0.215959
0.216394
0.21683
0.217265
0.217265
0.217394
0.217523
0.217652
0.217782
0.217911
0.21804
0.218169
0.218298
0.218427
0.218557
0.218686
0.218815
0.218944
0.219073
0.219202
0.219332
0.219461
0.21959
0.219719
0.219848
0.219977
0.220106
0.220236
0.220365
0.220494
0.220623
0.220752
0.220881
0.221011
0.22114
0.221269
0.221398
0.221527
0.221656
0.221786
0.221915
0.222044
0.222173
0.222302
0.222431
0.22256
0.22269
0.222819
0.222948
0.223077
0.223206
0.223335
0.223465
0.223594
0.223723
0.223852
0.223981
0.22411
0.224239
0.224369
0.224498
0.224627
0.224756
0.224885
0.225014
0.225144
0.225273
0.225402
0.225531
0.22566
0.225789
0.225919
0.226048
0.226177
0.226306
0.226435
0.226564
0.226693
0.226823
0.226952
0.227081
0.22721
0.227339
0.227468
0.227598
0.227727
0.227856
0.227985
0.228114
0.228243
0.228373
0.228502
0.228631
0.22876
0.22876
0.228928
0.229097
0.229265
0.229434
0.229602
0.22977
0.229939
0.230107
0.230276
0.230444
0.230612
0.230781
0.230949
0.231118
0.231286
0.231455
0.231623
0.231791
0.23196
0.232128
0.232297
0.232465
0.232633
0.232802
0.23297
0.233139
0.233307
0.233475
0.233644
0.233812
0.233981
0.234149
0.234317
0.234486
0.234654
0.234823
0.234991
0.23516
0.235328
0.235496
0.235665
0.235833
0.236002
0.23617
0.236338
0.236507
0.236675
0.236844
0.237012
0.23718
0.237349
0.237517
0.237686
0.237854
0.238022
0.238191
0.238359
0.238528
0.238696
0.238865
0.239033
0.239201
0.23937
0.239538
0.239707
0.239875
0.240043
0.240212
0.24038
0.240549
0.240717
0.240885
0.241054
0.241222
0.241391
0.241559
0.241727
0.241896
0.242064
0.242233
0.242401
0.24257
0.242738
0.242906
0.243075
0.243243
0.243412
0.24358
0.24358
0.243731
0.243882
0.244033
0.244184
0.244335
0.244486
0.244637
0.244788
0.244938
0.245089
0.24524
0.245391
0.245542
0.245693
0.245844
0.245995
0.246146
0.246297
0.246448
0.246599
0.24675
0.246901
0.247052
0.247203
0.247354
0.247505
0.247655
0.247806
0.247957
0.248108
0.248259
0.24841
0.248561
0.248712
0.248863
0.249014
0.249165
0.249316
0.249467
0.249618
0.249769
0.24992
0.250071
0.250222
0.250372
0.250523
0.250674
0.250825
0.250976
0.251127
0.251278
0.251429
0.25158
0.251731
0.251882
0.252033
0.252184
0.252335
0.252486
0.252637
0.252788
0.252939
0.25309
0.25324
0.253391
0.253542
0.253693
0.253844
0.253995
0.254146
0.254297
0.254448
0.254599
0.25475
0.254901
0.255052
0.255203
0.255354
0.255505
0.255656
0.255807
0.255957
0.256108
0.256259
0.25641
0.256561
0.256712
0.256863
0.257014
0.257165
0.257165
0.257328
0.257491
0.257654
0.257817
0.25798
0.258143
0.258306
0.258469
0.258632
0.258795
0.258958
0.259121
0.259284
0.259447
0.25961
0.259773
0.259936
0.260099
0.260262
0.260425
0.260588
0.260751
0.260914
0.261077
0.26124
0.261403
0.261566
0.261729
0.261892
0.262055
0.262218
0.262381
0.262544
0.262707
0.26287
0.263033
0.263196
0.263359
0.263522
0.263685
0.263848
0.264012
0.264174
0.264338
0.264501
0.264664
0.264827
0.26499
0.265153
0.265316
0.265479
0.265642
0.265805
0.265968
0.266131
0.266294
0.266457
0.26662
0.266783
0.266946
0.267109
0.267272
0.267435
0.267598
0.267761
0.267924
0.268087
0.26825
0.268413
0.268576
0.268739
0.268902
0.269065
0.269228
0.269391
0.269554
0.269717
0.26988
0.270043
0.270206
0.270369
0.270532
0.270695
0.270858
0.271021
0.271184
0.271347
0.27151
0.27151
0.271698
0.271886
0.272074
0.272262
0.272449
0.272637
0.272825
0.273013
0.273201
0.273389
0.273577
0.273765
0.273953
0.27414
0.274328
0.274516
0.274704
0.274892
0.27508
0.275268
0.275456
0.275644
0.275831
0.276019
0.276207
0.276395
0.276583
0.276771
0.276959
0.277147
0.277335
0.277522
0.27771
0.277898
0.278086
0.278274
0.278462
0.27865
0.278838
0.279026
0.279213
0.279401
0.279589
0.279777
0.279965
0.280153
0.280341
0.280529
0.280717
0.280904
0.281092
0.28128
0.281468
0.281656
0.281844
0.282032
0.28222
0.282408
0.282595
0.282783
0.282971
0.283159
0.283347
0.283535
0.283723
0.283911
0.284099
0.284286
0.284474
0.284662
0.28485
0.285038
0.285226
0.285414
0.285602
0.28579
0.285977
0.286165
0.286353
0.286541
0.286729
0.286917
0.287105
0.287293
0.287481
0.287668
0.287856
0.288044
0.288232
0.28842
0.28842
0.288601
0.288783
0.288964
0.289146
0.289327
0.289509
0.28969
0.289872
0.290053
0.290235
0.290416
0.290598
0.290779
0.29096
0.291142
0.291323
0.291505
0.291686
0.291868
0.292049
0.292231
0.292412
0.292594
0.292775
0.292957
0.293138
0.293319
0.293501
0.293682
0.293864
0.294045
0.294227
0.294408
0.29459
0.294771
0.294953
0.295134
0.295316
0.295497
0.295678
0.29586
0.296041
0.296223
0.296404
0.296586
0.296767
0.296949
0.29713
0.297312
0.297493
0.297675
0.297856
0.298037
0.298219
0.2984
0.298582
0.298763
0.298945
0.299126
0.299308
0.299489
0.299671
0.299852
0.300033
0.300215
0.300396
0.300578
0.300759
0.300941
0.301122
0.301304
0.301485
0.301667
0.301848
0.30203
0.302211
0.302392
0.302574
0.302755
0.302937
0.303118
0.3033
0.303481
0.303663
0.303844
0.304026
0.304207
0.304389
0.30457
0.30457
0.304708
0.304845
0.304983
0.305121
0.305258
0.305396
0.305534
0.305672
0.305809
0.305947
0.306085
0.306222
0.30636
0.306498
0.306635
0.306773
0.306911
0.307049
0.307186
0.307324
0.307462
0.307599
0.307737
0.307875
0.308012
0.30815
0.308288
0.308425
0.308563
0.308701
0.308839
0.308976
0.309114
0.309252
0.309389
0.309527
0.309665
0.309802
0.30994
0.310078
0.310216
0.310353
0.310491
0.310629
0.310766
0.310904
0.311042
0.311179
0.311317
0.311455
0.311593
0.31173
0.311868
0.312006
0.312143
0.312281
0.312419
0.312556
0.312694
0.312832
0.31297
0.313107
0.313245
0.313383
0.31352
0.313658
0.313796
0.313933
0.314071
0.314209
0.314346
0.314484
0.314622
0.31476
0.314897
0.315035
0.315173
0.31531
0.315448
0.315586
0.315723
0.315861
0.315999
0.316137
0.316274
0.316412
0.31655
0.316687
0.316825
0.316825
0.316943
0.317062
0.31718
0.317299
0.317417
0.317536
0.317654
0.317773
0.317891
0.31801
0.318128
0.318247
0.318365
0.318484
0.318602
0.318721
0.318839
0.318958
0.319076
0.319195
0.319313
0.319432
0.31955
0.319669
0.319787
0.319906
0.320024
0.320143
0.320261
0.320379
0.320498
0.320616
0.320735
0.320853
0.320972
0.32109
0.321209
0.321327
0.321446
0.321564
0.321683
0.321801
0.32192
0.322038
0.322157
0.322275
0.322394
0.322512
0.322631
0.322749
0.322868
0.322986
0.323105
0.323223
0.323342
0.32346
0.323579
0.323697
0.323815
0.323934
0.324052
0.324171
0.324289
0.324408
0.324526
0.324645
0.324763
0.324882
0.325
0.325119
0.325237
0.325356
0.325474
0.325593
0.325711
0.32583
0.325948
0.326067
0.326185
0.326304
0.326422
0.326541
0.326659
0.326778
0.326896
0.327015
0.327133
0.327251
0.32737
0.32737
0.327484
0.327598
0.327713
0.327827
0.327941
0.328055
0.328169
0.328284
0.328398
0.328512
0.328626
0.328741
0.328855
0.328969
0.329083
0.329197
0.329312
0.329426
0.32954
0.329654
0.329768
0.329883
0.329997
0.330111
0.330225
0.33034
0.330454
0.330568
0.330682
0.330796
0.330911
0.331025
0.331139
0.331253
0.331367
0.331482
0.331596
0.33171
0.331824
0.331939
0.332053
0.332167
0.332281
0.332395
0.33251
0.332624
0.332738
0.332852
0.332966
0.333081
0.333195
0.333309
0.333423
0.333538
0.333652
0.333766
0.33388
0.333994
0.334109
0.334223
0.334337
0.334451
0.334565
0.33468
0.334794
0.334908
0.335022
0.335137
0.335251
0.335365
0.335479
0.335593
0.335708
0.335822
0.335936
0.33605
0.336164
0.336279
0.336393
0.336507
0.336621
0.336736
0.33685
0.336964
0.337078
0.337192
0.337307
0.337421
0.337535
0.337535
0.337641
0.337746
0.337852
0.337958
0.338063
0.338169
0.338275
0.33838
0.338486
0.338592
0.338697
0.338803
0.338909
0.339014
0.33912
0.339226
0.339331
0.339437
0.339543
0.339649
0.339754
0.33986
0.339966
0.340071
0.340177
0.340283
0.340388
0.340494
0.3406
0.340705
0.340811
0.340917
0.341022
0.341128
0.341234
0.341339
0.341445
0.341551
0.341656
0.341762
0.341868
0.341973
0.342079
0.342185
0.34229
0.342396
0.342502
0.342607
0.342713
0.342819
0.342924
0.34303
0.343136
0.343241
0.343347
0.343453
0.343558
0.343664
0.34377
0.343875
0.343981
0.344087
0.344192
0.344298
0.344404
0.34451
0.344615
0.344721
0.344827
0.344932
0.345038
0.345144
0.345249
0.345355
0.345461
0.345566
0.345672
0.345778
0.345883
0.345989
0.346095
0.3462
0.346306
0.346412
0.346517
0.346623
0.346729
0.346834
0.34694
0.34694
0.347045
0.347149
0.347254
0.347358
0.347463
0.347568
0.347672
0.347777
0.347881
0.347986
0.348091
0.348195
0.3483
0.348404
0.348509
0.348614
0.348718
0.348823
0.348928
0.349032
0.349137
0.349241
0.349346
0.349451
0.349555
0.34966
0.349764
0.349869
0.349974
0.350078
0.350183
0.350287
0.350392
0.350497
0.350601
0.350706
0.35081
0.350915
0.35102
0.351124
0.351229
0.351333
0.351438
0.351543
0.351647
0.351752
0.351857
0.351961
0.352066
0.35217
0.352275
0.35238
0.352484
0.352589
0.352693
0.352798
0.352903
0.353007
0.353112
0.353216
0.353321
0.353426
0.35353
0.353635
0.353739
0.353844
0.353949
0.354053
0.354158
0.354262
0.354367
0.354472
0.354576
0.354681
0.354786
0.35489
0.354995
0.355099
0.355204
0.355309
0.355413
0.355518
0.355622
0.355727
0.355832
0.355936
0.356041
0.356145
0.35625
0.35625
0.356348
0.356446
0.356545
0.356643
0.356741
0.356839
0.356938
0.357036
0.357134
0.357232
0.357331
0.357429
0.357527
0.357625
0.357724
0.357822
0.35792
0.358018
0.358117
0.358215
0.358313
0.358411
0.358509
0.358608
0.358706
0.358804
0.358902
0.359001
0.359099
0.359197
0.359295
0.359394
0.359492
0.35959
0.359688
0.359787
0.359885
0.359983
0.360081
0.36018
0.360278
0.360376
0.360474
0.360572
0.360671
0.360769
0.360867
0.360965
0.361064
0.361162
0.36126
0.361358
0.361457
0.361555
0.361653
0.361751
0.36185
0.361948
0.362046
0.362144
0.362243
0.362341
0.362439
0.362537
0.362635
0.362734
0.362832
0.36293
0.363028
0.363127
0.363225
0.363323
0.363421
0.36352
0.363618
0.363716
0.363814
0.363913
0.364011
0.364109
0.364207
0.364306
0.364404
0.364502
0.3646
0.364698
0.364797
0.364895
0.364895
0.364989
0.365083
0.365177
0.365271
0.365365
0.365459
0.365553
0.365647
0.36574
0.365834
0.365928
0.366022
0.366116
0.36621
0.366304
0.366398
0.366492
0.366586
0.36668
0.366774
0.366868
0.366962
0.367056
0.36715
0.367244
0.367338
0.367431
0.367525
0.367619
0.367713
0.367807
0.367901
0.367995
0.368089
0.368183
0.368277
0.368371
0.368465
0.368559
0.368653
0.368747
0.368841
0.368935
0.369029
0.369123
0.369216
0.36931
0.369404
0.369498
0.369592
0.369686
0.36978
0.369874
0.369968
0.370062
0.370156
0.37025
0.370344
0.370438
0.370532
0.370626
0.37072
0.370813
0.370907
0.371001
0.371095
0.371189
0.371283
0.371377
0.371471
0.371565
0.371659
0.371753
0.371847
0.371941
0.372035
0.372129
0.372223
0.372317
0.372411
0.372505
0.372598
0.372692
0.372786
0.37288
0.372974
0.373068
0.373162
0.373256
0.37335
0.37335
0.373444
0.373538
0.373632
0.373726
0.37382
0.373914
0.374008
0.374101
0.374195
0.374289
0.374383
0.374477
0.374571
0.374665
0.374759
0.374853
0.374947
0.375041
0.375135
0.375229
0.375323
0.375417
0.37551
0.375604
0.375698
0.375792
0.375886
0.37598
0.376074
0.376168
0.376262
0.376356
0.37645
0.376544
0.376638
0.376732
0.376826
0.376919
0.377013
0.377107
0.377201
0.377295
0.377389
0.377483
0.377577
0.377671
0.377765
0.377859
0.377953
0.378047
0.378141
0.378234
0.378328
0.378422
0.378516
0.37861
0.378704
0.378798
0.378892
0.378986
0.37908
0.379174
0.379268
0.379362
0.379456
0.37955
0.379643
0.379737
0.379831
0.379925
0.380019
0.380113
0.380207
0.380301
0.380395
0.380489
0.380583
0.380677
0.380771
0.380865
0.380959
0.381052
0.381146
0.38124
0.381334
0.381428
0.381522
0.381616
0.38171
0.38171
0.3818
0.381889
0.381979
0.382069
0.382158
0.382248
0.382338
0.382427
0.382517
0.382607
0.382696
0.382786
0.382876
0.382965
0.383055
0.383145
0.383234
0.383324
0.383414
0.383503
0.383593
0.383683
0.383772
0.383862
0.383952
0.384041
0.384131
0.384221
0.38431
0.3844
0.38449
0.384579
0.384669
0.384759
0.384848
0.384938
0.385028
0.385117
0.385207
0.385297
0.385386
0.385476
0.385566
0.385655
0.385745
0.385834
0.385924
0.386014
0.386103
0.386193
0.386283
0.386372
0.386462
0.386552
0.386641
0.386731
0.386821
0.38691
0.387
0.38709
0.387179
0.387269
0.387359
0.387448
0.387538
0.387628
0.387717
0.387807
0.387897
0.387986
0.388076
0.388166
0.388255
0.388345
0.388435
0.388524
0.388614
0.388704
0.388793
0.388883
0.388973
0.389062
0.389152
0.389242
0.389331
0.389421
0.389511
0.3896
0.38969
0.38969
0.389777
0.389865
0.389952
0.39004
0.390127
0.390215
0.390302
0.39039
0.390477
0.390564
0.390652
0.390739
0.390827
0.390914
0.391002
0.391089
0.391177
0.391264
0.391351
0.391439
0.391526
0.391614
0.391701
0.391789
0.391876
0.391964
0.392051
0.392138
0.392226
0.392313
0.392401
0.392488
0.392576
0.392663
0.392751
0.392838
0.392925
0.393013
0.3931
0.393188
0.393275
0.393363
0.39345
0.393538
0.393625
0.393712
0.3938
0.393887
0.393975
0.394062
0.39415
0.394237
0.394324
0.394412
0.394499
0.394587
0.394674
0.394762
0.394849
0.394937
0.395024
0.395111
0.395199
0.395286
0.395374
0.395461
0.395549
0.395636
0.395724
0.395811
0.395898
0.395986
0.396073
0.396161
0.396248
0.396336
0.396423
0.396511
0.396598
0.396685
0.396773
0.39686
0.396948
0.397035
0.397123
0.39721
0.397298
0.397385
0.397385
0.397467
0.39755
0.397632
0.397714
0.397797
0.397879
0.397961
0.398044
0.398126
0.398208
0.398291
0.398373
0.398455
0.398538
0.39862
0.398702
0.398785
0.398867
0.398949
0.399032
0.399114
0.399196
0.399279
0.399361
0.399443
0.399526
0.399608
0.39969
0.399773
0.399855
0.399937
0.40002
0.400102
0.400184
0.400267
0.400349
0.400431
0.400514
0.400596
0.400678
0.400761
0.400843
0.400925
0.401008
0.40109
0.401172
0.401255
0.401337
0.401419
0.401502
0.401584
0.401666
0.401749
0.401831
0.401913
0.401996
0.402078
0.40216
0.402243
0.402325
0.402407
0.40249
0.402572
0.402654
0.402737
0.402819
0.402901
0.402984
0.403066
0.403148
0.403231
0.403313
0.403395
0.403478
0.40356
0.403642
0.403725
0.403807
0.403889
0.403972
0.404054
0.404136
0.404219
0.404301
0.404383
0.404466
0.404548
0.40463
0.404713
0.404795
0.404795
0.404872
0.404949
0.405026
0.405102
0.405179
0.405256
0.405333
0.40541
0.405487
0.405564
0.40564
0.405717
0.405794
0.405871
0.405948
0.406025
0.406101
0.406178
0.406255
0.406332
0.406409
0.406486
0.406563
0.406639
0.406716
0.406793
0.40687
0.406947
0.407024
0.407101
0.407177
0.407254
0.407331
0.407408
0.407485
0.407562
0.407639
0.407715
0.407792
0.407869
0.407946
0.408023
0.4081
0.408177
0.408253
0.40833
0.408407
0.408484
0.408561
0.408638
0.408715
0.408791
0.408868
0.408945
0.409022
0.409099
0.409176
0.409253
0.409329
0.409406
0.409483
0.40956
0.409637
0.409714
0.40979
0.409867
0.409944
0.410021
0.410098
0.410175
0.410252
0.410328
0.410405
0.410482
0.410559
0.410636
0.410713
0.41079
0.410866
0.410943
0.41102
0.411097
0.411174
0.411251
0.411328
0.411404
0.411481
0.411558
0.411635
0.411635
0.411709
0.411782
0.411856
0.41193
0.412003
0.412077
0.412151
0.412224
0.412298
0.412371
0.412445
0.412519
0.412592
0.412666
0.41274
0.412813
0.412887
0.412961
0.413034
0.413108
0.413182
0.413255
0.413329
0.413403
0.413476
0.41355
0.413624
0.413697
0.413771
0.413845
0.413918
0.413992
0.414065
0.414139
0.414213
0.414286
0.41436
0.414434
0.414507
0.414581
0.414655
0.414728
0.414802
0.414876
0.414949
0.415023
0.415097
0.41517
0.415244
0.415318
0.415391
0.415465
0.415539
0.415612
0.415686
0.41576
0.415833
0.415907
0.41598
0.416054
0.416128
0.416201
0.416275
0.416349
0.416422
0.416496
0.41657
0.416643
0.416717
0.416791
0.416864
0.416938
0.417012
0.417085
0.417159
0.417233
0.417306
0.41738
0.417453
0.417527
0.417601
0.417674
0.417748
0.417822
0.417895
0.417969
0.418043
0.418116
0.41819
0.41819
0.418263
0.418335
0.418408
0.41848
0.418553
0.418626
0.418698
0.418771
0.418843
0.418916
0.418988
0.419061
0.419134
0.419206
0.419279
0.419351
0.419424
0.419497
0.419569
0.419642
0.419714
0.419787
0.419859
0.419932
0.420005
0.420077
0.42015
0.420222
0.420295
0.420368
0.42044
0.420513
0.420585
0.420658
0.42073
0.420803
0.420876
0.420948
0.421021
0.421093
0.421166
0.421239
0.421311
0.421384
0.421456
0.421529
0.421601
0.421674
0.421747
0.421819
0.421892
0.421964
0.422037
0.42211
0.422182
0.422255
0.422327
0.4224
0.422472
0.422545
0.422618
0.42269
0.422763
0.422835
0.422908
0.422981
0.423053
0.423126
0.423198
0.423271
0.423343
0.423416
0.423489
0.423561
0.423634
0.423706
0.423779
0.423852
0.423924
0.423997
0.424069
0.424142
0.424214
0.424287
0.42436
0.424432
0.424505
0.424577
0.42465
0.42465
0.424718
0.424787
0.424855
0.424923
0.424992
0.42506
0.425128
0.425196
0.425265
0.425333
0.425401
0.42547
0.425538
0.425606
0.425675
0.425743
0.425811
0.42588
0.425948
0.426016
0.426085
0.426153
0.426221
0.42629
0.426358
0.426426
0.426494
0.426563
0.426631
0.426699
0.426768
0.426836
0.426904
0.426973
0.427041
0.427109
0.427178
0.427246
0.427314
0.427383
0.427451
0.427519
0.427588
0.427656
0.427724
0.427792
0.427861
0.427929
0.427997
0.428066
0.428134
0.428202
0.428271
0.428339
0.428407
0.428476
0.428544
0.428612
0.428681
0.428749
0.428817
0.428885
0.428954
0.429022
0.42909
0.429159
0.429227
0.429295
0.429364
0.429432
0.4295
0.429569
0.429637
0.429705
0.429774
0.429842
0.42991
0.429979
0.430047
0.430115
0.430183
0.430252
0.43032
0.430388
0.430457
0.430525
0.430593
0.430662
0.43073
0.43073
0.430795
0.43086
0.430925
0.43099
0.431056
0.431121
0.431186
0.431251
0.431316
0.431381
0.431446
0.431511
0.431576
0.431642
0.431707
0.431772
0.431837
0.431902
0.431967
0.432032
0.432097
0.432162
0.432228
0.432293
0.432358
0.432423
0.432488
0.432553
0.432618
0.432683
0.432748
0.432814
0.432879
0.432944
0.433009
0.433074
0.433139
0.433204
0.433269
0.433334
0.4334
0.433465
0.43353
0.433595
0.43366
0.433725
0.43379
0.433855
0.433921
0.433986
0.434051
0.434116
0.434181
0.434246
0.434311
0.434376
0.434441
0.434507
0.434572
0.434637
0.434702
0.434767
0.434832
0.434897
0.434962
0.435027
0.435093
0.435158
0.435223
0.435288
0.435353
0.435418
0.435483
0.435548
0.435613
0.435679
0.435744
0.435809
0.435874
0.435939
0.436004
0.436069
0.436134
0.436199
0.436265
0.43633
0.436395
0.43646
0.436525
0.436525
0.436588
0.436651
0.436714
0.436777
0.43684
0.436903
0.436966
0.437029
0.437092
0.437155
0.437218
0.437281
0.437344
0.437407
0.43747
0.437533
0.437596
0.437659
0.437722
0.437785
0.437848
0.437911
0.437973
0.438036
0.438099
0.438162
0.438225
0.438288
0.438351
0.438414
0.438477
0.43854
0.438603
0.438666
0.438729
0.438792
0.438855
0.438918
0.438981
0.439044
0.439107
0.43917
0.439233
0.439296
0.439359
0.439422
0.439485
0.439548
0.439611
0.439674
0.439737
0.4398
0.439863
0.439926
0.439989
0.440052
0.440115
0.440178
0.440241
0.440304
0.440367
0.44043
0.440493
0.440556
0.440619
0.440682
0.440744
0.440807
0.44087
0.440933
0.440996
0.441059
0.441122
0.441185
0.441248
0.441311
0.441374
0.441437
0.4415
0.441563
0.441626
0.441689
0.441752
0.441815
0.441878
0.441941
0.442004
0.442067
0.44213
0.44213
0.442189
0.442247
0.442306
0.442365
0.442424
0.442482
0.442541
0.4426
0.442658
0.442717
0.442776
0.442834
0.442893
0.442952
0.443011
0.443069
0.443128
0.443187
0.443245
0.443304
0.443363
0.443422
0.44348
0.443539
0.443598
0.443656
0.443715
0.443774
0.443833
0.443891
0.44395
0.444009
0.444067
0.444126
0.444185
0.444243
0.444302
0.444361
0.44442
0.444478
0.444537
0.444596
0.444654
0.444713
0.444772
0.444831
0.444889
0.444948
0.445007
0.445065
0.445124
0.445183
0.445242
0.4453
0.445359
0.445418
0.445476
0.445535
0.445594
0.445652
0.445711
0.44577
0.445829
0.445887
0.445946
0.446005
0.446063
0.446122
0.446181
0.44624
0.446298
0.446357
0.446416
0.446474
0.446533
0.446592
0.446651
0.446709
0.446768
0.446827
0.446885
0.446944
0.447003
0.447061
0.44712
0.447179
0.447238
0.447296
0.447355
0.447355
0.447412
0.447468
0.447525
0.447581
0.447638
0.447694
0.447751
0.447808
0.447864
0.447921
0.447977
0.448034
0.44809
0.448147
0.448204
0.44826
0.448317
0.448373
0.44843
0.448486
0.448543
0.4486
0.448656
0.448713
0.448769
0.448826
0.448882
0.448939
0.448996
0.449052
0.449109
0.449165
0.449222
0.449279
0.449335
0.449392
0.449448
0.449505
0.449561
0.449618
0.449675
0.449731
0.449788
0.449844
0.449901
0.449957
0.450014
0.450071
0.450127
0.450184
0.45024
0.450297
0.450353
0.45041
0.450467
0.450523
0.45058
0.450636
0.450693
0.450749
0.450806
0.450863
0.450919
0.450976
0.451032
0.451089
0.451145
0.451202
0.451259
0.451315
0.451372
0.451428
0.451485
0.451541
0.451598
0.451655
0.451711
0.451768
0.451824
0.451881
0.451937
0.451994
0.452051
0.452107
0.452164
0.45222
0.452277
0.452333
0.45239
0.45239
0.452446
0.452502
0.452558
0.452615
0.452671
0.452727
0.452783
0.452839
0.452895
0.452951
0.453008
0.453064
0.45312
0.453176
0.453232
0.453288
0.453344
0.4534
0.453457
0.453513
0.453569
0.453625
0.453681
0.453737
0.453793
0.45385
0.453906
0.453962
0.454018
0.454074
0.45413
0.454186
0.454243
0.454299
0.454355
0.454411
0.454467
0.454523
0.454579
0.454635
0.454692
0.454748
0.454804
0.45486
0.454916
0.454972
0.455028
0.455085
0.455141
0.455197
0.455253
0.455309
0.455365
0.455421
0.455478
0.455534
0.45559
0.455646
0.455702
0.455758
0.455814
0.45587
0.455927
0.455983
0.456039
0.456095
0.456151
0.456207
0.456263
0.45632
0.456376
0.456432
0.456488
0.456544
0.4566
0.456656
0.456713
0.456769
0.456825
0.456881
0.456937
0.456993
0.457049
0.457105
0.457162
0.457218
0.457274
0.45733
0.45733
0.457381
0.457431
0.457482
0.457533
0.457583
0.457634
0.457685
0.457735
0.457786
0.457837
0.457887
0.457938
0.457989
0.458039
0.45809
0.458141
0.458191
0.458242
0.458293
0.458343
0.458394
0.458445
0.458495
0.458546
0.458597
0.458647
0.458698
0.458749
0.458799
0.45885
0.458901
0.458951
0.459002
0.459053
0.459103
0.459154
0.459205
0.459255
0.459306
0.459357
0.459407
0.459458
0.459509
0.459559
0.45961
0.459661
0.459711
0.459762
0.459813
0.459863
0.459914
0.459965
0.460015
0.460066
0.460117
0.460167
0.460218
0.460269
0.460319
0.46037
0.460421
0.460471
0.460522
0.460573
0.460623
0.460674
0.460725
0.460775
0.460826
0.460877
0.460927
0.460978
0.461029
0.461079
0.46113
0.461181
0.461231
0.461282
0.461333
0.461383
0.461434
0.461485
0.461535
0.461586
0.461637
0.461687
0.461738
0.461789
0.461839
0.46189
0.46189
0.461941
0.461991
0.462042
0.462093
0.462144
0.462194
0.462245
0.462296
0.462347
0.462397
0.462448
0.462499
0.46255
0.4626
0.462651
0.462702
0.462753
0.462803
0.462854
0.462905
0.462956
0.463006
0.463057
0.463108
0.463158
0.463209
0.46326
0.463311
0.463361
0.463412
0.463463
0.463514
0.463564
0.463615
0.463666
0.463717
0.463767
0.463818
0.463869
0.46392
0.46397
0.464021
0.464072
0.464123
0.464173
0.464224
0.464275
0.464325
0.464376
0.464427
0.464478
0.464528
0.464579
0.46463
0.464681
0.464731
0.464782
0.464833
0.464884
0.464934
0.464985
0.465036
0.465087
0.465137
0.465188
0.465239
0.465289
0.46534
0.465391
0.465442
0.465492
0.465543
0.465594
0.465645
0.465695
0.465746
0.465797
0.465848
0.465898
0.465949
0.466
0.466051
0.466101
0.466152
0.466203
0.466254
0.466304
0.466355
0.466355
0.466401
0.466448
0.466494
0.466541
0.466587
0.466634
0.46668
0.466727
0.466773
0.466819
0.466866
0.466912
0.466959
0.467005
0.467052
0.467098
0.467145
0.467191
0.467237
0.467284
0.46733
0.467377
0.467423
0.46747
0.467516
0.467563
0.467609
0.467655
0.467702
0.467748
0.467795
0.467841
0.467888
0.467934
0.467981
0.468027
0.468073
0.46812
0.468166
0.468213
0.468259
0.468306
0.468352
0.468399
0.468445
0.468491
0.468538
0.468584
0.468631
0.468677
0.468724
0.46877
0.468817
0.468863
0.468909
0.468956
0.469002
0.469049
0.469095
0.469142
0.469188
0.469235
0.469281
0.469327
0.469374
0.46942
0.469467
0.469513
0.46956
0.469606
0.469653
0.469699
0.469745
0.469792
0.469838
0.469885
0.469931
0.469978
0.470024
0.470071
0.470117
0.470163
0.47021
0.470256
0.470303
0.470349
0.470396
0.470442
0.470489
0.470535
0.470535
0.470584
0.470633
0.470682
0.470731
0.47078
0.47083
0.470879
0.470928
0.470977
0.471026
0.471075
0.471124
0.471173
0.471222
0.471272
0.471321
0.47137
0.471419
0.471468
0.471517
0.471566
0.471615
0.471664
0.471713
0.471763
0.471812
0.471861
0.47191
0.471959
0.472008
0.472057
0.472106
0.472155
0.472204
0.472254
0.472303
0.472352
0.472401
0.47245
0.472499
0.472548
0.472597
0.472646
0.472695
0.472745
0.472794
0.472843
0.472892
0.472941
0.47299
0.473039
0.473088
0.473137
0.473186
0.473236
0.473285
0.473334
0.473383
0.473432
0.473481
0.47353
0.473579
0.473628
0.473677
0.473727
0.473776
0.473825
0.473874
0.473923
0.473972
0.474021
0.47407
0.474119
0.474168
0.474218
0.474267
0.474316
0.474365
0.474414
0.474463
0.474512
0.474561
0.47461
0.47466
0.474709
0.474758
0.474807
0.474856
0.474905
0.474905
0.474949
0.474993
0.475036
0.47508
0.475124
0.475168
0.475211
0.475255
0.475299
0.475343
0.475386
0.47543
0.475474
0.475518
0.475561
0.475605
0.475649
0.475693
0.475737
0.47578
0.475824
0.475868
0.475912
0.475955
0.475999
0.476043
0.476087
0.47613
0.476174
0.476218
0.476262
0.476305
0.476349
0.476393
0.476437
0.476481
0.476524
0.476568
0.476612
0.476656
0.476699
0.476743
0.476787
0.476831
0.476874
0.476918
0.476962
0.477006
0.477049
0.477093
0.477137
0.477181
0.477224
0.477268
0.477312
0.477356
0.4774
0.477443
0.477487
0.477531
0.477575
0.477618
0.477662
0.477706
0.47775
0.477793
0.477837
0.477881
0.477925
0.477968
0.478012
0.478056
0.4781
0.478144
0.478187
0.478231
0.478275
0.478319
0.478362
0.478406
0.47845
0.478494
0.478537
0.478581
0.478625
0.478669
0.478712
0.478756
0.4788
0.4788
0.478844
0.478888
0.478931
0.478975
0.479019
0.479063
0.479106
0.47915
0.479194
0.479238
0.479281
0.479325
0.479369
0.479413
0.479456
0.4795
0.479544
0.479588
0.479632
0.479675
0.479719
0.479763
0.479807
0.47985
0.479894
0.479938
0.479982
0.480025
0.480069
0.480113
0.480157
0.4802
0.480244
0.480288
0.480332
0.480375
0.480419
0.480463
0.480507
0.480551
0.480594
0.480638
0.480682
0.480726
0.480769
0.480813
0.480857
0.480901
0.480944
0.480988
0.481032
0.481076
0.481119
0.481163
0.481207
0.481251
0.481295
0.481338
0.481382
0.481426
0.48147
0.481513
0.481557
0.481601
0.481645
0.481688
0.481732
0.481776
0.48182
0.481863
0.481907
0.481951
0.481995
0.482039
0.482082
0.482126
0.48217
0.482214
0.482257
0.482301
0.482345
0.482389
0.482432
0.482476
0.48252
0.482564
0.482607
0.482651
0.482695
0.482695
0.482739
0.482783
0.482826
0.48287
0.482914
0.482958
0.483001
0.483045
0.483089
0.483133
0.483176
0.48322
0.483264
0.483308
0.483351
0.483395
0.483439
0.483483
0.483526
0.48357
0.483614
0.483658
0.483702
0.483745
0.483789
0.483833
0.483877
0.48392
0.483964
0.484008
0.484052
0.484095
0.484139
0.484183
0.484227
0.48427
0.484314
0.484358
0.484402
0.484446
0.484489
0.484533
0.484577
0.484621
0.484664
0.484708
0.484752
0.484796
0.484839
0.484883
0.484927
0.484971
0.485014
0.485058
0.485102
0.485146
0.48519
0.485233
0.485277
0.485321
0.485365
0.485408
0.485452
0.485496
0.48554
0.485583
0.485627
0.485671
0.485715
0.485758
0.485802
0.485846
0.48589
0.485934
0.485977
0.486021
0.486065
0.486109
0.486152
0.486196
0.48624
0.486284
0.486327
0.486371
0.486415
0.486459
0.486502
0.486546
0.48659
0.48659
0.486631
0.486671
0.486712
0.486752
0.486793
0.486833
0.486874
0.486914
0.486955
0.486996
0.487036
0.487077
0.487117
0.487158
0.487198
0.487239
0.48728
0.48732
0.487361
0.487401
0.487442
0.487482
0.487523
0.487563
0.487604
0.487645
0.487685
0.487726
0.487766
0.487807
0.487847
0.487888
0.487929
0.487969
0.48801
0.48805
0.488091
0.488131
0.488172
0.488212
0.488253
0.488294
0.488334
0.488375
0.488415
0.488456
0.488496
0.488537
0.488578
0.488618
0.488659
0.488699
0.48874
0.48878
0.488821
0.488861
0.488902
0.488943
0.488983
0.489024
0.489064
0.489105
0.489145
0.489186
0.489226
0.489267
0.489308
0.489348
0.489389
0.489429
0.48947
0.48951
0.489551
0.489592
0.489632
0.489673
0.489713
0.489754
0.489794
0.489835
0.489875
0.489916
0.489957
0.489997
0.490038
0.490078
0.490119
0.490159
0.4902
0.4902
0.490238
0.490277
0.490315
0.490354
0.490392
0.490431
0.490469
0.490507
0.490546
0.490584
0.490623
0.490661
0.4907
0.490738
0.490776
0.490815
0.490853
0.490892
0.49093
0.490969
0.491007
0.491045
0.491084
0.491122
0.491161
0.491199
0.491238
0.491276
0.491314
0.491353
0.491391
0.49143
0.491468
0.491506
0.491545
0.491583
0.491622
0.49166
0.491699
0.491737
0.491775
0.491814
0.491852
0.491891
0.491929
0.491968
0.492006
0.492044
0.492083
0.492121
0.49216
0.492198
0.492237
0.492275
0.492313
0.492352
0.49239
0.492429
0.492467
0.492506
0.492544
0.492582
0.492621
0.492659
0.492698
0.492736
0.492775
0.492813
0.492851
0.49289
0.492928
0.492967
0.493005
0.493044
0.493082
0.49312
0.493159
0.493197
0.493236
0.493274
0.493313
0.493351
0.493389
0.493428
0.493466
0.493505
0.493543
0.493582
0.49362
0.49362
0.493658
0.493697
0.493735
0.493774
0.493812
0.493851
0.493889
0.493927
0.493966
0.494004
0.494043
0.494081
0.49412
0.494158
0.494196
0.494235
0.494273
0.494312
0.49435
0.494389
0.494427
0.494465
0.494504
0.494542
0.494581
0.494619
0.494658
0.494696
0.494734
0.494773
0.494811
0.49485
0.494888
0.494926
0.494965
0.495003
0.495042
0.49508
0.495119
0.495157
0.495195
0.495234
0.495272
0.495311
0.495349
0.495388
0.495426
0.495464
0.495503
0.495541
0.49558
0.495618
0.495657
0.495695
0.495733
0.495772
0.49581
0.495849
0.495887
0.495926
0.495964
0.496002
0.496041
0.496079
0.496118
0.496156
0.496195
0.496233
0.496271
0.49631
0.496348
0.496387
0.496425
0.496464
0.496502
0.49654
0.496579
0.496617
0.496656
0.496694
0.496733
0.496771
0.496809
0.496848
0.496886
0.496925
0.496963
0.497002
0.49704
0.49704
0.497077
0.497115
0.497152
0.497189
0.497227
0.497264
0.497301
0.497339
0.497376
0.497414
0.497451
0.497488
0.497526
0.497563
0.4976
0.497638
0.497675
0.497712
0.49775
0.497787
0.497825
0.497862
0.497899
0.497937
0.497974
0.498011
0.498049
0.498086
0.498123
0.498161
0.498198
0.498235
0.498273
0.49831
0.498348
0.498385
0.498422
0.49846
0.498497
0.498534
0.498572
0.498609
0.498646
0.498684
0.498721
0.498759
0.498796
0.498833
0.498871
0.498908
0.498945
0.498983
0.49902
0.499057
0.499095
0.499132
0.499169
0.499207
0.499244
0.499282
0.499319
0.499356
0.499394
0.499431
0.499468
0.499506
0.499543
0.49958
0.499618
0.499655
0.499693
0.49973
0.499767
0.499805
0.499842
0.499879
0.499917
0.499954
0.499991
0.500029
0.500066
0.500103
0.500141
0.500178
0.500216
0.500253
0.50029
0.500328
0.500365
0.500365
0.500401
0.500438
0.500474
0.50051
0.500546
0.500583
0.500619
0.500655
0.500692
0.500728
0.500764
0.500801
0.500837
0.500873
0.500909
0.500946
0.500982
0.501018
0.501055
0.501091
0.501127
0.501163
0.5012
0.501236
0.501272
0.501309
0.501345
0.501381
0.501417
0.501454
0.50149
0.501526
0.501563
0.501599
0.501635
0.501672
0.501708
0.501744
0.50178
0.501817
0.501853
0.501889
0.501926
0.501962
0.501998
0.502034
0.502071
0.502107
0.502143
0.50218
0.502216
0.502252
0.502288
0.502325
0.502361
0.502397
0.502434
0.50247
0.502506
0.502543
0.502579
0.502615
0.502651
0.502688
0.502724
0.50276
0.502797
0.502833
0.502869
0.502905
0.502942
0.502978
0.503014
0.503051
0.503087
0.503123
0.503159
0.503196
0.503232
0.503268
0.503305
0.503341
0.503377
0.503414
0.50345
0.503486
0.503522
0.503559
0.503595
0.503595
0.50363
0.503665
0.503701
0.503736
0.503771
0.503806
0.503842
0.503877
0.503912
0.503947
0.503982
0.504018
0.504053
0.504088
0.504123
0.504159
0.504194
0.504229
0.504264
0.5043
0.504335
0.50437
0.504405
0.50444
0.504476
0.504511
0.504546
0.504581
0.504616
0.504652
0.504687
0.504722
0.504757
0.504793
0.504828
0.504863
0.504898
0.504934
0.504969
0.505004
0.505039
0.505074
0.50511
0.505145
0.50518
0.505215
0.505251
0.505286
0.505321
0.505356
0.505391
0.505427
0.505462
0.505497
0.505532
0.505568
0.505603
0.505638
0.505673
0.505709
0.505744
0.505779
0.505814
0.505849
0.505885
0.50592
0.505955
0.50599
0.506025
0.506061
0.506096
0.506131
0.506166
0.506202
0.506237
0.506272
0.506307
0.506343
0.506378
0.506413
0.506448
0.506483
0.506519
0.506554
0.506589
0.506624
0.50666
0.506695
0.50673
0.50673
0.506763
0.506796
0.506829
0.506862
0.506895
0.506929
0.506962
0.506995
0.507028
0.507061
0.507094
0.507127
0.50716
0.507193
0.507226
0.507259
0.507293
0.507326
0.507359
0.507392
0.507425
0.507458
0.507491
0.507524
0.507557
0.50759
0.507623
0.507657
0.50769
0.507723
0.507756
0.507789
0.507822
0.507855
0.507888
0.507921
0.507954
0.507987
0.508021
0.508054
0.508087
0.50812
0.508153
0.508186
0.508219
0.508252
0.508285
0.508318
0.508351
0.508384
0.508418
0.508451
0.508484
0.508517
0.50855
0.508583
0.508616
0.508649
0.508682
0.508715
0.508748
0.508782
0.508815
0.508848
0.508881
0.508914
0.508947
0.50898
0.509013
0.509046
0.509079
0.509112
0.509146
0.509179
0.509212
0.509245
0.509278
0.509311
0.509344
0.509377
0.50941
0.509443
0.509476
0.50951
0.509543
0.509576
0.509609
0.509642
0.509675
0.509675
0.509709
0.509743
0.509777
0.509812
0.509846
0.50988
0.509914
0.509948
0.509982
0.510017
0.510051
0.510085
0.510119
0.510153
0.510187
0.510221
0.510256
0.51029
0.510324
0.510358
0.510392
0.510426
0.510461
0.510495
0.510529
0.510563
0.510597
0.510631
0.510666
0.5107
0.510734
0.510768
0.510802
0.510836
0.51087
0.510905
0.510939
0.510973
0.511007
0.511041
0.511075
0.51111
0.511144
0.511178
0.511212
0.511246
0.51128
0.511315
0.511349
0.511383
0.511417
0.511451
0.511485
0.511519
0.511554
0.511588
0.511622
0.511656
0.51169
0.511724
0.511759
0.511793
0.511827
0.511861
0.511895
0.511929
0.511964
0.511998
0.512032
0.512066
0.5121
0.512134
0.512168
0.512203
0.512237
0.512271
0.512305
0.512339
0.512373
0.512408
0.512442
0.512476
0.51251
0.512544
0.512578
0.512613
0.512647
0.512681
0.512715
0.512715
0.512747
0.51278
0.512812
0.512845
0.512877
0.512909
0.512942
0.512974
0.513006
0.513039
0.513071
0.513104
0.513136
0.513168
0.513201
0.513233
0.513266
0.513298
0.51333
0.513363
0.513395
0.513427
0.51346
0.513492
0.513525
0.513557
0.513589
0.513622
0.513654
0.513687
0.513719
0.513751
0.513784
0.513816
0.513848
0.513881
0.513913
0.513946
0.513978
0.51401
0.514043
0.514075
0.514108
0.51414
0.514172
0.514205
0.514237
0.51427
0.514302
0.514334
0.514367
0.514399
0.514431
0.514464
0.514496
0.514529
0.514561
0.514593
0.514626
0.514658
0.514691
0.514723
0.514755
0.514788
0.51482
0.514852
0.514885
0.514917
0.51495
0.514982
0.515014
0.515047
0.515079
0.515112
0.515144
0.515176
0.515209
0.515241
0.515274
0.515306
0.515338
0.515371
0.515403
0.515435
0.515468
0.5155
0.515533
0.515565
0.515565
0.515596
0.515626
0.515657
0.515687
0.515718
0.515749
0.515779
0.51581
0.51584
0.515871
0.515902
0.515932
0.515963
0.515994
0.516024
0.516055
0.516085
0.516116
0.516147
0.516177
0.516208
0.516238
0.516269
0.5163
0.51633
0.516361
0.516392
0.516422
0.516453
0.516483
0.516514
0.516545
0.516575
0.516606
0.516636
0.516667
0.516698
0.516728
0.516759
0.516789
0.51682
0.516851
0.516881
0.516912
0.516943
0.516973
0.517004
0.517034
0.517065
0.517096
0.517126
0.517157
0.517187
0.517218
0.517249
0.517279
0.51731
0.51734
0.517371
0.517402
0.517432
0.517463
0.517493
0.517524
0.517555
0.517585
0.517616
0.517647
0.517677
0.517708
0.517738
0.517769
0.5178
0.51783
0.517861
0.517891
0.517922
0.517953
0.517983
0.518014
0.518045
0.518075
0.518106
0.518136
0.518167
0.518198
0.518228
0.518259
0.518289
0.51832
0.51832
0.518351
0.518382
0.518413
0.518444
0.518475
0.518506
0.518537
0.518568
0.518599
0.51863
0.518661
0.518691
0.518722
0.518753
0.518784
0.518815
0.518846
0.518877
0.518908
0.518939
0.51897
0.519001
0.519032
0.519063
0.519094
0.519125
0.519156
0.519187
0.519218
0.519249
0.51928
0.519311
0.519342
0.519372
0.519403
0.519434
0.519465
0.519496
0.519527
0.519558
0.519589
0.51962
0.519651
0.519682
0.519713
0.519744
0.519775
0.519806
0.519837
0.519868
0.519899
0.51993
0.519961
0.519992
0.520023
0.520054
0.520084
0.520115
0.520146
0.520177
0.520208
0.520239
0.52027
0.520301
0.520332
0.520363
0.520394
0.520425
0.520456
0.520487
0.520518
0.520549
0.52058
0.520611
0.520642
0.520673
0.520704
0.520734
0.520765
0.520796
0.520827
0.520858
0.520889
0.52092
0.520951
0.520982
0.521013
0.521044
0.521075
0.521075
0.521104
0.521133
0.521161
0.52119
0.521219
0.521248
0.521277
0.521306
0.521334
0.521363
0.521392
0.521421
0.52145
0.521478
0.521507
0.521536
0.521565
0.521594
0.521623
0.521651
0.52168
0.521709
0.521738
0.521767
0.521796
0.521824
0.521853
0.521882
0.521911
0.52194
0.521968
0.521997
0.522026
0.522055
0.522084
0.522113
0.522141
0.52217
0.522199
0.522228
0.522257
0.522285
0.522314
0.522343
0.522372
0.522401
0.52243
0.522458
0.522487
0.522516
0.522545
0.522574
0.522602
0.522631
0.52266
0.522689
0.522718
0.522747
0.522775
0.522804
0.522833
0.522862
0.522891
0.522919
0.522948
0.522977
0.523006
0.523035
0.523064
0.523092
0.523121
0.52315
0.523179
0.523208
0.523237
0.523265
0.523294
0.523323
0.523352
0.523381
0.523409
0.523438
0.523467
0.523496
0.523525
0.523553
0.523582
0.523611
0.52364
0.52364
0.523669
0.523698
0.523726
0.523755
0.523784
0.523813
0.523842
0.523871
0.523899
0.523928
0.523957
0.523986
0.524015
0.524043
0.524072
0.524101
0.52413
0.524159
0.524188
0.524216
0.524245
0.524274
0.524303
0.524332
0.52436
0.524389
0.524418
0.524447
0.524476
0.524505
0.524533
0.524562
0.524591
0.52462
0.524649
0.524678
0.524706
0.524735
0.524764
0.524793
0.524822
0.52485
0.524879
0.524908
0.524937
0.524966
0.524995
0.525023
0.525052
0.525081
0.52511
0.525139
0.525167
0.525196
0.525225
0.525254
0.525283
0.525312
0.52534
0.525369
0.525398
0.525427
0.525456
0.525485
0.525513
0.525542
0.525571
0.5256
0.525629
0.525657
0.525686
0.525715
0.525744
0.525773
0.525802
0.52583
0.525859
0.525888
0.525917
0.525946
0.525974
0.526003
0.526032
0.526061
0.52609
0.526119
0.526147
0.526176
0.526205
0.526205
0.526234
0.526263
0.526291
0.52632
0.526349
0.526378
0.526407
0.526436
0.526464
0.526493
0.526522
0.526551
0.52658
0.526608
0.526637
0.526666
0.526695
0.526724
0.526753
0.526781
0.52681
0.526839
0.526868
0.526897
0.526926
0.526954
0.526983
0.527012
0.527041
0.52707
0.527098
0.527127
0.527156
0.527185
0.527214
0.527243
0.527271
0.5273
0.527329
0.527358
0.527387
0.527415
0.527444
0.527473
0.527502
0.527531
0.52756
0.527588
0.527617
0.527646
0.527675
0.527704
0.527732
0.527761
0.52779
0.527819
0.527848
0.527877
0.527905
0.527934
0.527963
0.527992
0.528021
0.528049
0.528078
0.528107
0.528136
0.528165
0.528194
0.528222
0.528251
0.52828
0.528309
0.528338
0.528367
0.528395
0.528424
0.528453
0.528482
0.528511
0.528539
0.528568
0.528597
0.528626
0.528655
0.528683
0.528712
0.528741
0.52877
0.52877
0.5288
0.52883
0.52886
0.52889
0.528919
0.528949
0.528979
0.529009
0.529039
0.529069
0.529099
0.529129
0.529159
0.529188
0.529218
0.529248
0.529278
0.529308
0.529338
0.529368
0.529398
0.529428
0.529457
0.529487
0.529517
0.529547
0.529577
0.529607
0.529637
0.529667
0.529697
0.529726
0.529756
0.529786
0.529816
0.529846
0.529876
0.529906
0.529936
0.529966
0.529995
0.530025
0.530055
0.530085
0.530115
0.530145
0.530175
0.530205
0.530234
0.530264
0.530294
0.530324
0.530354
0.530384
0.530414
0.530444
0.530474
0.530503
0.530533
0.530563
0.530593
0.530623
0.530653
0.530683
0.530713
0.530743
0.530772
0.530802
0.530832
0.530862
0.530892
0.530922
0.530952
0.530982
0.531012
0.531041
0.531071
0.531101
0.531131
0.531161
0.531191
0.531221
0.531251
0.531281
0.53131
0.53134
0.53137
0.5314
0.53143
0.53143
0.531459
0.531488
0.531516
0.531545
0.531574
0.531603
0.531632
0.531661
0.531689
0.531718
0.531747
0.531776
0.531805
0.531833
0.531862
0.531891
0.53192
0.531949
0.531978
0.532006
0.532035
0.532064
0.532093
0.532122
0.532151
0.532179
0.532208
0.532237
0.532266
0.532295
0.532323
0.532352
0.532381
0.53241
0.532439
0.532468
0.532496
0.532525
0.532554
0.532583
0.532612
0.53264
0.532669
0.532698
0.532727
0.532756
0.532785
0.532813
0.532842
0.532871
0.5329
0.532929
0.532957
0.532986
0.533015
0.533044
0.533073
0.533102
0.53313
0.533159
0.533188
0.533217
0.533246
0.533274
0.533303
0.533332
0.533361
0.53339
0.533419
0.533447
0.533476
0.533505
0.533534
0.533563
0.533592
0.53362
0.533649
0.533678
0.533707
0.533736
0.533764
0.533793
0.533822
0.533851
0.53388
0.533908
0.533937
0.533966
0.533995
0.533995
0.534029
0.534063
0.534097
0.534132
0.534166
0.5342
0.534234
0.534268
0.534302
0.534337
0.534371
0.534405
0.534439
0.534473
0.534507
0.534541
0.534576
0.53461
0.534644
0.534678
0.534712
0.534746
0.534781
0.534815
0.534849
0.534883
0.534917
0.534951
0.534986
0.53502
0.535054
0.535088
0.535122
0.535156
0.53519
0.535225
0.535259
0.535293
0.535327
0.535361
0.535395
0.53543
0.535464
0.535498
0.535532
0.535566
0.5356
0.535635
0.535669
0.535703
0.535737
0.535771
0.535805
0.535839
0.535874
0.535908
0.535942
0.535976
0.53601
0.536044
0.536079
0.536113
0.536147
0.536181
0.536215
0.536249
0.536284
0.536318
0.536352
0.536386
0.53642
0.536454
0.536488
0.536523
0.536557
0.536591
0.536625
0.536659
0.536693
0.536728
0.536762
0.536796
0.53683
0.536864
0.536898
0.536933
0.536967
0.537001
0.537035
0.537035
0.537061
0.537086
0.537112
0.537137
0.537163
0.537189
0.537214
0.53724
0.537266
0.537291
0.537317
0.537342
0.537368
0.537394
0.537419
0.537445
0.537471
0.537496
0.537522
0.537547
0.537573
0.537599
0.537624
0.53765
0.537675
0.537701
0.537727
0.537752
0.537778
0.537804
0.537829
0.537855
0.53788
0.537906
0.537932
0.537957
0.537983
0.538009
0.538034
0.53806
0.538085
0.538111
0.538137
0.538162
0.538188
0.538213
0.538239
0.538265
0.53829
0.538316
0.538342
0.538367
0.538393
0.538418
0.538444
0.53847
0.538495
0.538521
0.538547
0.538572
0.538598
0.538623
0.538649
0.538675
0.5387
0.538726
0.538751
0.538777
0.538803
0.538828
0.538854
0.53888
0.538905
0.538931
0.538956
0.538982
0.539008
0.539033
0.539059
0.539084
0.53911
0.539136
0.539161
0.539187
0.539213
0.539238
0.539264
0.539289
0.539315
0.539315
0.539341
0.539366
0.539392
0.539418
0.539443
0.539469
0.539494
0.53952
0.539546
0.539571
0.539597
0.539622
0.539648
0.539674
0.539699
0.539725
0.539751
0.539776
0.539802
0.539827
0.539853
0.539879
0.539904
0.53993
0.539955
0.539981
0.540007
0.540032
0.540058
0.540084
0.540109
0.540135
0.54016
0.540186
0.540212
0.540237
0.540263
0.540289
0.540314
0.54034
0.540365
0.540391
0.540417
0.540442
0.540468
0.540493
0.540519
0.540545
0.54057
0.540596
0.540622
0.540647
0.540673
0.540698
0.540724
0.54075
0.540775
0.540801
0.540826
0.540852
0.540878
0.540903
0.540929
0.540955
0.54098
0.541006
0.541031
0.541057
0.541083
0.541108
0.541134
0.54116
0.541185
0.541211
0.541236
0.541262
0.541288
0.541313
0.541339
0.541364
0.54139
0.541416
0.541441
0.541467
0.541493
0.541518
0.541544
0.541569
0.541595
0.541595
0.541621
0.541647
0.541673
0.541699
0.541725
0.54175
0.541776
0.541802
0.541828
0.541854
0.54188
0.541906
0.541932
0.541958
0.541984
0.54201
0.542035
0.542061
0.542087
0.542113
0.542139
0.542165
0.542191
0.542217
0.542243
0.542269
0.542295
0.54232
0.542346
0.542372
0.542398
0.542424
0.54245
0.542476
0.542502
0.542528
0.542554
0.54258
0.542605
0.542631
0.542657
0.542683
0.542709
0.542735
0.542761
0.542787
0.542813
0.542839
0.542865
0.54289
0.542916
0.542942
0.542968
0.542994
0.54302
0.543046
0.543072
0.543098
0.543124
0.54315
0.543175
0.543201
0.543227
0.543253
0.543279
0.543305
0.543331
0.543357
0.543383
0.543409
0.543435
0.54346
0.543486
0.543512
0.543538
0.543564
0.54359
0.543616
0.543642
0.543668
0.543694
0.54372
0.543745
0.543771
0.543797
0.543823
0.543849
0.543875
0.543875
0.543901
0.543928
0.543954
0.543981
0.544007
0.544033
0.54406
0.544086
0.544113
0.544139
0.544165
0.544192
0.544218
0.544244
0.544271
0.544297
0.544324
0.54435
0.544376
0.544403
0.544429
0.544456
0.544482
0.544508
0.544535
0.544561
0.544587
0.544614
0.54464
0.544667
0.544693
0.544719
0.544746
0.544772
0.544799
0.544825
0.544851
0.544878
0.544904
0.544931
0.544957
0.544983
0.54501
0.545036
0.545062
0.545089
0.545115
0.545142
0.545168
0.545194
0.545221
0.545247
0.545274
0.5453
0.545326
0.545353
0.545379
0.545406
0.545432
0.545458
0.545485
0.545511
0.545537
0.545564
0.54559
0.545617
0.545643
0.545669
0.545696
0.545722
0.545749
0.545775
0.545801
0.545828
0.545854
0.545881
0.545907
0.545933
0.54596
0.545986
0.546012
0.546039
0.546065
0.546092
0.546118
0.546144
0.546171
0.546197
0.546224
0.54625
0.54625
0.546277
0.546303
0.54633
0.546357
0.546383
0.54641
0.546437
0.546463
0.54649
0.546517
0.546544
0.54657
0.546597
0.546624
0.54665
0.546677
0.546704
0.54673
0.546757
0.546784
0.54681
0.546837
0.546864
0.54689
0.546917
0.546944
0.54697
0.546997
0.547024
0.547051
0.547077
0.547104
0.547131
0.547157
0.547184
0.547211
0.547237
0.547264
0.547291
0.547317
0.547344
0.547371
0.547397
0.547424
0.547451
0.547478
0.547504
0.547531
0.547558
0.547584
0.547611
0.547638
0.547664
0.547691
0.547718
0.547744
0.547771
0.547798
0.547824
0.547851
0.547878
0.547904
0.547931
0.547958
0.547985
0.548011
0.548038
0.548065
0.548091
0.548118
0.548145
0.548171
0.548198
0.548225
0.548251
0.548278
0.548305
0.548331
0.548358
0.548385
0.548411
0.548438
0.548465
0.548492
0.548518
0.548545
0.548572
0.548598
0.548625
0.548625
0.548651
0.548676
0.548702
0.548727
0.548753
0.548779
0.548804
0.54883
0.548856
0.548881
0.548907
0.548932
0.548958
0.548984
0.549009
0.549035
0.549061
0.549086
0.549112
0.549137
0.549163
0.549189
0.549214
0.54924
0.549265
0.549291
0.549317
0.549342
0.549368
0.549394
0.549419
0.549445
0.54947
0.549496
0.549522
0.549547
0.549573
0.549599
0.549624
0.54965
0.549675
0.549701
0.549727
0.549752
0.549778
0.549803
0.549829
0.549855
0.54988
0.549906
0.549932
0.549957
0.549983
0.550008
0.550034
0.55006
0.550085
0.550111
0.550137
0.550162
0.550188
0.550213
0.550239
0.550265
0.55029
0.550316
0.550341
0.550367
0.550393
0.550418
0.550444
0.55047
0.550495
0.550521
0.550546
0.550572
0.550598
0.550623
0.550649
0.550674
0.5507
0.550726
0.550751
0.550777
0.550803
0.550828
0.550854
0.550879
0.550905
0.550905
0.55093
0.550954
0.550979
0.551003
0.551028
0.551052
0.551077
0.551101
0.551126
0.551151
0.551175
0.5512
0.551224
0.551249
0.551273
0.551298
0.551322
0.551347
0.551372
0.551396
0.551421
0.551445
0.55147
0.551494
0.551519
0.551543
0.551568
0.551592
0.551617
0.551642
0.551666
0.551691
0.551715
0.55174
0.551764
0.551789
0.551813
0.551838
0.551862
0.551887
0.551912
0.551936
0.551961
0.551985
0.55201
0.552034
0.552059
0.552083
0.552108
0.552133
0.552157
0.552182
0.552206
0.552231
0.552255
0.55228
0.552304
0.552329
0.552354
0.552378
0.552403
0.552427
0.552452
0.552476
0.552501
0.552525
0.55255
0.552574
0.552599
0.552624
0.552648
0.552673
0.552697
0.552722
0.552746
0.552771
0.552795
0.55282
0.552844
0.552869
0.552894
0.552918
0.552943
0.552967
0.552992
0.553016
0.553041
0.553065
0.55309
0.55309
0.553115
0.55314
0.553164
0.553189
0.553214
0.553239
0.553264
0.553289
0.553313
0.553338
0.553363
0.553388
0.553413
0.553438
0.553462
0.553487
0.553512
0.553537
0.553562
0.553587
0.553611
0.553636
0.553661
0.553686
0.553711
0.553736
0.55376
0.553785
0.55381
0.553835
0.55386
0.553885
0.553909
0.553934
0.553959
0.553984
0.554009
0.554034
0.554058
0.554083
0.554108
0.554133
0.554158
0.554183
0.554207
0.554232
0.554257
0.554282
0.554307
0.554331
0.554356
0.554381
0.554406
0.554431
0.554456
0.55448
0.554505
0.55453
0.554555
0.55458
0.554605
0.554629
0.554654
0.554679
0.554704
0.554729
0.554754
0.554778
0.554803
0.554828
0.554853
0.554878
0.554903
0.554927
0.554952
0.554977
0.555002
0.555027
0.555052
0.555076
0.555101
0.555126
0.555151
0.555176
0.555201
0.555225
0.55525
0.555275
0.555275
0.555299
0.555322
0.555345
0.555369
0.555392
0.555416
0.555439
0.555463
0.555486
0.55551
0.555533
0.555557
0.55558
0.555604
0.555627
0.555651
0.555674
0.555698
0.555721
0.555745
0.555768
0.555792
0.555815
0.555839
0.555862
0.555886
0.555909
0.555933
0.555956
0.555979
0.556003
0.556026
0.55605
0.556073
0.556097
0.55612
0.556144
0.556167
0.556191
0.556214
0.556238
0.556261
0.556285
0.556308
0.556332
0.556355
0.556379
0.556402
0.556426
0.556449
0.556473
0.556496
0.55652
0.556543
0.556567
0.55659
0.556614
0.556637
0.556661
0.556684
0.556708
0.556731
0.556754
0.556778
0.556801
0.556825
0.556848
0.556872
0.556895
0.556919
0.556942
0.556966
0.556989
0.557013
0.557036
0.55706
0.557083
0.557107
0.55713
0.557154
0.557177
0.557201
0.557224
0.557248
0.557271
0.557295
0.557318
0.557342
0.557365
0.557365
0.557388
0.557411
0.557435
0.557458
0.557481
0.557504
0.557528
0.557551
0.557574
0.557597
0.55762
0.557644
0.557667
0.55769
0.557713
0.557737
0.55776
0.557783
0.557806
0.557829
0.557853
0.557876
0.557899
0.557922
0.557946
0.557969
0.557992
0.558015
0.558038
0.558062
0.558085
0.558108
0.558131
0.558155
0.558178
0.558201
0.558224
0.558247
0.558271
0.558294
0.558317
0.55834
0.558364
0.558387
0.55841
0.558433
0.558456
0.55848
0.558503
0.558526
0.558549
0.558573
0.558596
0.558619
0.558642
0.558665
0.558689
0.558712
0.558735
0.558758
0.558782
0.558805
0.558828
0.558851
0.558874
0.558898
0.558921
0.558944
0.558967
0.558991
0.559014
0.559037
0.55906
0.559083
0.559107
0.55913
0.559153
0.559176
0.5592
0.559223
0.559246
0.559269
0.559292
0.559316
0.559339
0.559362
0.559385
0.559409
0.559432
0.559455
0.559455
0.55948
0.559504
0.559529
0.559553
0.559578
0.559602
0.559627
0.559651
0.559676
0.559701
0.559725
0.55975
0.559774
0.559799
0.559823
0.559848
0.559872
0.559897
0.559922
0.559946
0.559971
0.559995
0.56002
0.560044
0.560069
0.560093
0.560118
0.560142
0.560167
0.560192
0.560216
0.560241
0.560265
0.56029
0.560314
0.560339
0.560363
0.560388
0.560413
0.560437
0.560462
0.560486
0.560511
0.560535
0.56056
0.560584
0.560609
0.560633
0.560658
0.560683
0.560707
0.560732
0.560756
0.560781
0.560805
0.56083
0.560854
0.560879
0.560903
0.560928
0.560953
0.560977
0.561002
0.561026
0.561051
0.561075
0.5611
0.561124
0.561149
0.561174
0.561198
0.561223
0.561247
0.561272
0.561296
0.561321
0.561345
0.56137
0.561395
0.561419
0.561444
0.561468
0.561493
0.561517
0.561542
0.561566
0.561591
0.561615
0.56164
0.56164
0.561662
0.561685
0.561707
0.56173
0.561752
0.561774
0.561797
0.561819
0.561842
0.561864
0.561887
0.561909
0.561931
0.561954
0.561976
0.561999
0.562021
0.562043
0.562066
0.562088
0.562111
0.562133
0.562156
0.562178
0.5622
0.562223
0.562245
0.562268
0.56229
0.562312
0.562335
0.562357
0.56238
0.562402
0.562425
0.562447
0.562469
0.562492
0.562514
0.562537
0.562559
0.562581
0.562604
0.562626
0.562649
0.562671
0.562694
0.562716
0.562738
0.562761
0.562783
0.562806
0.562828
0.56285
0.562873
0.562895
0.562918
0.56294
0.562963
0.562985
0.563007
0.56303
0.563052
0.563075
0.563097
0.563119
0.563142
0.563164
0.563187
0.563209
0.563232
0.563254
0.563276
0.563299
0.563321
0.563344
0.563366
0.563388
0.563411
0.563433
0.563456
0.563478
0.563501
0.563523
0.563545
0.563568
0.56359
0.563613
0.563635
0.563635
0.563658
0.563682
0.563705
0.563729
0.563752
0.563776
0.563799
0.563823
0.563846
0.56387
0.563893
0.563917
0.56394
0.563964
0.563987
0.564011
0.564034
0.564058
0.564081
0.564105
0.564128
0.564152
0.564175
0.564199
0.564222
0.564246
0.564269
0.564292
0.564316
0.564339
0.564363
0.564386
0.56441
0.564433
0.564457
0.56448
0.564504
0.564527
0.564551
0.564574
0.564598
0.564621
0.564645
0.564668
0.564692
0.564715
0.564739
0.564762
0.564786
0.564809
0.564833
0.564856
0.56488
0.564903
0.564927
0.56495
0.564974
0.564997
0.565021
0.565044
0.565067
0.565091
0.565114
0.565138
0.565161
0.565185
0.565208
0.565232
0.565255
0.565279
0.565302
0.565326
0.565349
0.565373
0.565396
0.56542
0.565443
0.565467
0.56549
0.565514
0.565537
0.565561
0.565584
0.565608
0.565631
0.565655
0.565678
0.565701
0.565725
0.565725
0.565748
0.565772
0.565795
0.565819
0.565842
0.565866
0.565889
0.565913
0.565936
0.56596
0.565983
0.566007
0.56603
0.566054
0.566077
0.566101
0.566124
0.566148
0.566171
0.566195
0.566218
0.566242
0.566265
0.566289
0.566312
0.566336
0.566359
0.566383
0.566406
0.566429
0.566453
0.566476
0.5665
0.566523
0.566547
0.56657
0.566594
0.566617
0.566641
0.566664
0.566688
0.566711
0.566735
0.566758
0.566782
0.566805
0.566829
0.566852
0.566876
0.566899
0.566923
0.566946
0.56697
0.566993
0.567017
0.56704
0.567064
0.567087
0.56711
0.567134
0.567157
0.567181
0.567204
0.567228
0.567251
0.567275
0.567298
0.567322
0.567345
0.567369
0.567392
0.567416
0.567439
0.567463
0.567486
0.56751
0.567533
0.567557
0.56758
0.567604
0.567627
0.567651
0.567674
0.567698
0.567721
0.567745
0.567768
0.567792
0.567815
0.567815
0.56784
0.567864
0.567889
0.567913
0.567938
0.567962
0.567987
0.568011
0.568036
0.568061
0.568085
0.56811
0.568134
0.568159
0.568183
0.568208
0.568232
0.568257
0.568281
0.568306
0.568331
0.568355
0.56838
0.568404
0.568429
0.568453
0.568478
0.568502
0.568527
0.568552
0.568576
0.568601
0.568625
0.56865
0.568674
0.568699
0.568723
0.568748
0.568772
0.568797
0.568822
0.568846
0.568871
0.568895
0.56892
0.568944
0.568969
0.568993
0.569018
0.569043
0.569067
0.569092
0.569116
0.569141
0.569165
0.56919
0.569214
0.569239
0.569264
0.569288
0.569313
0.569337
0.569362
0.569386
0.569411
0.569435
0.56946
0.569484
0.569509
0.569534
0.569558
0.569583
0.569607
0.569632
0.569656
0.569681
0.569705
0.56973
0.569755
0.569779
0.569804
0.569828
0.569853
0.569877
0.569902
0.569926
0.569951
0.569975
0.57
0.57
0.570024
0.570047
0.570071
0.570094
0.570117
0.570141
0.570164
0.570188
0.570211
0.570235
0.570258
0.570282
0.570305
0.570329
0.570352
0.570376
0.570399
0.570423
0.570446
0.57047
0.570493
0.570517
0.57054
0.570564
0.570587
0.570611
0.570634
0.570658
0.570681
0.570705
0.570728
0.570751
0.570775
0.570798
0.570822
0.570845
0.570869
0.570892
0.570916
0.570939
0.570963
0.570986
0.57101
0.571033
0.571057
0.57108
0.571104
0.571127
0.571151
0.571174
0.571198
0.571221
0.571245
0.571268
0.571292
0.571315
0.571339
0.571362
0.571386
0.571409
0.571432
0.571456
0.571479
0.571503
0.571526
0.57155
0.571573
0.571597
0.57162
0.571644
0.571667
0.571691
0.571714
0.571738
0.571761
0.571785
0.571808
0.571832
0.571855
0.571879
0.571902
0.571926
0.571949
0.571973
0.571996
0.57202
0.572043
0.572066
0.57209
0.57209
0.572115
0.572139
0.572164
0.572188
0.572213
0.572237
0.572262
0.572286
0.572311
0.572335
0.57236
0.572385
0.572409
0.572434
0.572458
0.572483
0.572507
0.572532
0.572556
0.572581
0.572606
0.57263
0.572655
0.572679
0.572704
0.572728
0.572753
0.572777
0.572802
0.572827
0.572851
0.572876
0.5729
0.572925
0.572949
0.572974
0.572998
0.573023
0.573047
0.573072
0.573097
0.573121
0.573146
0.57317
0.573195
0.573219
0.573244
0.573268
0.573293
0.573318
0.573342
0.573367
0.573391
0.573416
0.57344
0.573465
0.573489
0.573514
0.573538
0.573563
0.573588
0.573612
0.573637
0.573661
0.573686
0.57371
0.573735
0.573759
0.573784
0.573809
0.573833
0.573858
0.573882
0.573907
0.573931
0.573956
0.57398
0.574005
0.57403
0.574054
0.574079
0.574103
0.574128
0.574152
0.574177
0.574201
0.574226
0.57425
0.574275
0.574275
0.574299
0.574322
0.574345
0.574369
0.574392
0.574416
0.574439
0.574463
0.574486
0.57451
0.574533
0.574557
0.57458
0.574604
0.574627
0.574651
0.574674
0.574698
0.574721
0.574745
0.574768
0.574792
0.574815
0.574839
0.574862
0.574886
0.574909
0.574933
0.574956
0.574979
0.575003
0.575026
0.57505
0.575073
0.575097
0.57512
0.575144
0.575167
0.575191
0.575214
0.575238
0.575261
0.575285
0.575308
0.575332
0.575355
0.575379
0.575402
0.575426
0.575449
0.575473
0.575496
0.57552
0.575543
0.575567
0.57559
0.575614
0.575637
0.575661
0.575684
0.575707
0.575731
0.575754
0.575778
0.575801
0.575825
0.575848
0.575872
0.575895
0.575919
0.575942
0.575966
0.575989
0.576013
0.576036
0.57606
0.576083
0.576107
0.57613
0.576154
0.576177
0.576201
0.576224
0.576248
0.576271
0.576295
0.576318
0.576342
0.576365
0.576365
0.576387
0.57641
0.576432
0.576455
0.576477
0.576499
0.576522
0.576544
0.576567
0.576589
0.576612
0.576634
0.576656
0.576679
0.576701
0.576724
0.576746
0.576768
0.576791
0.576813
0.576836
0.576858
0.576881
0.576903
0.576925
0.576948
0.57697
0.576993
0.577015
0.577037
0.57706
0.577082
0.577105
0.577127
0.57715
0.577172
0.577194
0.577217
0.577239
0.577262
0.577284
0.577306
0.577329
0.577351
0.577374
0.577396
0.577419
0.577441
0.577463
0.577486
0.577508
0.577531
0.577553
0.577575
0.577598
0.57762
0.577643
0.577665
0.577688
0.57771
0.577732
0.577755
0.577777
0.5778
0.577822
0.577844
0.577867
0.577889
0.577912
0.577934
0.577957
0.577979
0.578001
0.578024
0.578046
0.578069
0.578091
0.578113
0.578136
0.578158
0.578181
0.578203
0.578226
0.578248
0.57827
0.578293
0.578315
0.578338
0.57836
0.57836
0.578384
0.578407
0.57843
0.578454
0.578477
0.578501
0.578524
0.578548
0.578571
0.578595
0.578618
0.578642
0.578665
0.578689
0.578712
0.578736
0.578759
0.578783
0.578806
0.57883
0.578853
0.578877
0.5789
0.578924
0.578947
0.578971
0.578994
0.579018
0.579041
0.579064
0.579088
0.579111
0.579135
0.579158
0.579182
0.579205
0.579229
0.579252
0.579276
0.579299
0.579323
0.579346
0.57937
0.579393
0.579417
0.57944
0.579464
0.579487
0.579511
0.579534
0.579558
0.579581
0.579605
0.579628
0.579652
0.579675
0.579699
0.579722
0.579746
0.579769
0.579792
0.579816
0.579839
0.579863
0.579886
0.57991
0.579933
0.579957
0.57998
0.580004
0.580027
0.580051
0.580074
0.580098
0.580121
0.580145
0.580168
0.580192
0.580215
0.580239
0.580262
0.580286
0.580309
0.580333
0.580356
0.58038
0.580403
0.580427
0.58045
0.58045
0.580473
0.580497
0.58052
0.580544
0.580567
0.580591
0.580614
0.580638
0.580661
0.580685
0.580708
0.580732
0.580755
0.580779
0.580802
0.580826
0.580849
0.580873
0.580896
0.58092
0.580943
0.580967
0.58099
0.581014
0.581037
0.581061
0.581084
0.581108
0.581131
0.581155
0.581178
0.581201
0.581225
0.581248
0.581272
0.581295
0.581319
0.581342
0.581366
0.581389
0.581413
0.581436
0.58146
0.581483
0.581507
0.58153
0.581554
0.581577
0.581601
0.581624
0.581648
0.581671
0.581695
0.581718
0.581742
0.581765
0.581789
0.581812
0.581836
0.581859
0.581882
0.581906
0.581929
0.581953
0.581976
0.582
0.582023
0.582047
0.58207
0.582094
0.582117
0.582141
0.582164
0.582188
0.582211
0.582235
0.582258
0.582282
0.582305
0.582329
0.582352
0.582376
0.582399
0.582423
0.582446
0.58247
0.582493
0.582517
0.58254
0.58254
0.582564
0.582587
0.58261
0.582634
0.582657
0.582681
0.582704
0.582728
0.582751
0.582775
0.582798
0.582822
0.582845
0.582869
0.582892
0.582916
0.582939
0.582963
0.582986
0.58301
0.583033
0.583057
0.58308
0.583104
0.583127
0.583151
0.583174
0.583198
0.583221
0.583245
0.583268
0.583291
0.583315
0.583338
0.583362
0.583385
0.583409
0.583432
0.583456
0.583479
0.583503
0.583526
0.58355
0.583573
0.583597
0.58362
0.583644
0.583667
0.583691
0.583714
0.583738
0.583761
0.583785
0.583808
0.583832
0.583855
0.583879
0.583902
0.583926
0.583949
0.583973
0.583996
0.584019
0.584043
0.584066
0.58409
0.584113
0.584137
0.58416
0.584184
0.584207
0.584231
0.584254
0.584278
0.584301
0.584325
0.584348
0.584372
0.584395
0.584419
0.584442
0.584466
0.584489
0.584513
0.584536
0.58456
0.584583
0.584607
0.58463
0.58463
0.584653
0.584677
0.5847
0.584724
0.584747
0.584771
0.584794
0.584818
0.584841
0.584865
0.584888
0.584912
0.584935
0.584959
0.584982
0.585006
0.585029
0.585053
0.585076
0.5851
0.585123
0.585147
0.58517
0.585194
0.585217
0.585241
0.585264
0.585288
0.585311
0.585335
0.585358
0.585382
0.585405
0.585428
0.585452
0.585475
0.585499
0.585522
0.585546
0.585569
0.585593
0.585616
0.58564
0.585663
0.585687
0.58571
0.585734
0.585757
0.585781
0.585804
0.585828
0.585851
0.585875
0.585898
0.585922
0.585945
0.585969
0.585992
0.586016
0.586039
0.586062
0.586086
0.586109
0.586133
0.586156
0.58618
0.586203
0.586227
0.58625
0.586274
0.586297
0.586321
0.586344
0.586368
0.586391
0.586415
0.586438
0.586462
0.586485
0.586509
0.586532
0.586556
0.586579
0.586603
0.586626
0.58665
0.586673
0.586697
0.58672
0.58672
0.586744
0.586767
0.586791
0.586814
0.586837
0.586861
0.586884
0.586908
0.586931
0.586955
0.586978
0.587002
0.587025
0.587049
0.587072
0.587096
0.587119
0.587143
0.587166
0.58719
0.587213
0.587237
0.58726
0.587284
0.587307
0.587331
0.587354
0.587378
0.587401
0.587425
0.587448
0.587471
0.587495
0.587518
0.587542
0.587565
0.587589
0.587612
0.587636
0.587659
0.587683
0.587706
0.58773
0.587753
0.587777
0.5878
0.587824
0.587847
0.587871
0.587894
0.587918
0.587941
0.587965
0.587988
0.588012
0.588035
0.588059
0.588082
0.588105
0.588129
0.588152
0.588176
0.588199
0.588223
0.588246
0.58827
0.588293
0.588317
0.58834
0.588364
0.588387
0.588411
0.588434
0.588458
0.588481
0.588505
0.588528
0.588552
0.588575
0.588599
0.588622
0.588646
0.588669
0.588693
0.588716
0.58874
0.588763
0.588786
0.58881
0.58881
0.588837
0.588863
0.58889
0.588917
0.588943
0.58897
0.588997
0.589023
0.58905
0.589077
0.589104
0.58913
0.589157
0.589184
0.58921
0.589237
0.589264
0.58929
0.589317
0.589344
0.58937
0.589397
0.589424
0.58945
0.589477
0.589504
0.58953
0.589557
0.589584
0.589611
0.589637
0.589664
0.589691
0.589717
0.589744
0.589771
0.589797
0.589824
0.589851
0.589877
0.589904
0.589931
0.589957
0.589984
0.590011
0.590038
0.590064
0.590091
0.590118
0.590144
0.590171
0.590198
0.590224
0.590251
0.590278
0.590304
0.590331
0.590358
0.590384
0.590411
0.590438
0.590465
0.590491
0.590518
0.590545
0.590571
0.590598
0.590625
0.590651
0.590678
0.590705
0.590731
0.590758
0.590785
0.590811
0.590838
0.590865
0.590891
0.590918
0.590945
0.590972
0.590998
0.591025
0.591052
0.591078
0.591105
0.591132
0.591158
0.591185
0.591185
0.59121
0.591235
0.59126
0.591284
0.591309
0.591334
0.591359
0.591384
0.591408
0.591433
0.591458
0.591483
0.591508
0.591533
0.591558
0.591582
0.591607
0.591632
0.591657
0.591682
0.591706
0.591731
0.591756
0.591781
0.591806
0.591831
0.591855
0.59188
0.591905
0.59193
0.591955
0.59198
0.592004
0.592029
0.592054
0.592079
0.592104
0.592129
0.592153
0.592178
0.592203
0.592228
0.592253
0.592278
0.592302
0.592327
0.592352
0.592377
0.592402
0.592426
0.592451
0.592476
0.592501
0.592526
0.592551
0.592575
0.5926
0.592625
0.59265
0.592675
0.5927
0.592724
0.592749
0.592774
0.592799
0.592824
0.592849
0.592873
0.592898
0.592923
0.592948
0.592973
0.592998
0.593022
0.593047
0.593072
0.593097
0.593122
0.593147
0.593171
0.593196
0.593221
0.593246
0.593271
0.593296
0.59332
0.593345
0.59337
0.59337
0.593395
0.593419
0.593444
0.593468
0.593493
0.593517
0.593542
0.593566
0.593591
0.593616
0.59364
0.593665
0.593689
0.593714
0.593738
0.593763
0.593787
0.593812
0.593836
0.593861
0.593886
0.59391
0.593935
0.593959
0.593984
0.594008
0.594033
0.594057
0.594082
0.594107
0.594131
0.594156
0.59418
0.594205
0.594229
0.594254
0.594278
0.594303
0.594328
0.594352
0.594377
0.594401
0.594426
0.59445
0.594475
0.594499
0.594524
0.594548
0.594573
0.594598
0.594622
0.594647
0.594671
0.594696
0.59472
0.594745
0.594769
0.594794
0.594818
0.594843
0.594868
0.594892
0.594917
0.594941
0.594966
0.59499
0.595015
0.595039
0.595064
0.595089
0.595113
0.595138
0.595162
0.595187
0.595211
0.595236
0.59526
0.595285
0.595309
0.595334
0.595359
0.595383
0.595408
0.595432
0.595457
0.595481
0.595506
0.59553
0.595555
0.595555
0.595581
0.595606
0.595632
0.595657
0.595683
0.595709
0.595734
0.59576
0.595786
0.595811
0.595837
0.595862
0.595888
0.595914
0.595939
0.595965
0.595991
0.596016
0.596042
0.596067
0.596093
0.596119
0.596144
0.59617
0.596195
0.596221
0.596247
0.596272
0.596298
0.596324
0.596349
0.596375
0.5964
0.596426
0.596452
0.596477
0.596503
0.596528
0.596554
0.59658
0.596605
0.596631
0.596657
0.596682
0.596708
0.596733
0.596759
0.596785
0.59681
0.596836
0.596862
0.596887
0.596913
0.596938
0.596964
0.59699
0.597015
0.597041
0.597066
0.597092
0.597118
0.597143
0.597169
0.597195
0.59722
0.597246
0.597271
0.597297
0.597323
0.597348
0.597374
0.597399
0.597425
0.597451
0.597476
0.597502
0.597528
0.597553
0.597579
0.597604
0.59763
0.597656
0.597681
0.597707
0.597733
0.597758
0.597784
0.597809
0.597835
0.597835
0.597863
0.597892
0.59792
0.597949
0.597978
0.598006
0.598035
0.598063
0.598091
0.59812
0.598149
0.598177
0.598206
0.598234
0.598262
0.598291
0.59832
0.598348
0.598377
0.598405
0.598433
0.598462
0.598491
0.598519
0.598548
0.598576
0.598605
0.598633
0.598662
0.59869
0.598719
0.598747
0.598776
0.598804
0.598832
0.598861
0.59889
0.598918
0.598947
0.598975
0.599003
0.599032
0.599061
0.599089
0.599118
0.599146
0.599174
0.599203
0.599232
0.59926
0.599289
0.599317
0.599346
0.599374
0.599403
0.599431
0.59946
0.599488
0.599517
0.599545
0.599573
0.599602
0.599631
0.599659
0.599688
0.599716
0.599744
0.599773
0.599802
0.59983
0.599859
0.599887
0.599916
0.599944
0.599973
0.600001
0.60003
0.600058
0.600087
0.600115
0.600144
0.600172
0.600201
0.600229
0.600258
0.600286
0.600315
0.600343
0.600372
0.6004
0.6004
0.600429
0.600458
0.600487
0.600515
0.600544
0.600573
0.600602
0.600631
0.600659
0.600688
0.600717
0.600746
0.600775
0.600803
0.600832
0.600861
0.60089
0.600919
0.600948
0.600976
0.601005
0.601034
0.601063
0.601092
0.601121
0.601149
0.601178
0.601207
0.601236
0.601265
0.601293
0.601322
0.601351
0.60138
0.601409
0.601438
0.601466
0.601495
0.601524
0.601553
0.601582
0.60161
0.601639
0.601668
0.601697
0.601726
0.601755
0.601783
0.601812
0.601841
0.60187
0.601899
0.601927
0.601956
0.601985
0.602014
0.602043
0.602072
0.6021
0.602129
0.602158
0.602187
0.602216
0.602244
0.602273
0.602302
0.602331
0.60236
0.602389
0.602417
0.602446
0.602475
0.602504
0.602533
0.602562
0.60259
0.602619
0.602648
0.602677
0.602706
0.602734
0.602763
0.602792
0.602821
0.60285
0.602879
0.602907
0.602936
0.602965
0.602965
0.602993
0.60302
0.603048
0.603076
0.603104
0.603132
0.603159
0.603187
0.603215
0.603243
0.60327
0.603298
0.603326
0.603354
0.603381
0.603409
0.603437
0.603465
0.603492
0.60352
0.603548
0.603576
0.603603
0.603631
0.603659
0.603687
0.603714
0.603742
0.60377
0.603798
0.603825
0.603853
0.603881
0.603909
0.603936
0.603964
0.603992
0.60402
0.604047
0.604075
0.604103
0.604131
0.604158
0.604186
0.604214
0.604242
0.604269
0.604297
0.604325
0.604353
0.60438
0.604408
0.604436
0.604464
0.604491
0.604519
0.604547
0.604575
0.604602
0.60463
0.604658
0.604686
0.604713
0.604741
0.604769
0.604797
0.604824
0.604852
0.60488
0.604908
0.604935
0.604963
0.604991
0.605019
0.605046
0.605074
0.605102
0.60513
0.605157
0.605185
0.605213
0.605241
0.605268
0.605296
0.605324
0.605352
0.60538
0.605407
0.605435
0.605435
0.605463
0.605491
0.605518
0.605546
0.605574
0.605602
0.605629
0.605657
0.605685
0.605713
0.60574
0.605768
0.605796
0.605824
0.605851
0.605879
0.605907
0.605935
0.605962
0.60599
0.606018
0.606046
0.606073
0.606101
0.606129
0.606157
0.606184
0.606212
0.60624
0.606268
0.606295
0.606323
0.606351
0.606379
0.606406
0.606434
0.606462
0.60649
0.606517
0.606545
0.606573
0.606601
0.606628
0.606656
0.606684
0.606712
0.606739
0.606767
0.606795
0.606823
0.60685
0.606878
0.606906
0.606934
0.606961
0.606989
0.607017
0.607045
0.607072
0.6071
0.607128
0.607156
0.607183
0.607211
0.607239
0.607267
0.607294
0.607322
0.60735
0.607378
0.607405
0.607433
0.607461
0.607489
0.607516
0.607544
0.607572
0.6076
0.607628
0.607655
0.607683
0.607711
0.607738
0.607766
0.607794
0.607822
0.60785
0.607877
0.607905
0.607905
0.607933
0.607961
0.607988
0.608016
0.608044
0.608072
0.608099
0.608127
0.608155
0.608183
0.60821
0.608238
0.608266
0.608294
0.608321
0.608349
0.608377
0.608405
0.608432
0.60846
0.608488
0.608516
0.608543
0.608571
0.608599
0.608627
0.608654
0.608682
0.60871
0.608738
0.608765
0.608793
0.608821
0.608849
0.608876
0.608904
0.608932
0.60896
0.608987
0.609015
0.609043
0.609071
0.609098
0.609126
0.609154
0.609182
0.609209
0.609237
0.609265
0.609293
0.60932
0.609348
0.609376
0.609404
0.609431
0.609459
0.609487
0.609515
0.609542
0.60957
0.609598
0.609626
0.609653
0.609681
0.609709
0.609737
0.609764
0.609792
0.60982
0.609848
0.609875
0.609903
0.609931
0.609959
0.609986
0.610014
0.610042
0.61007
0.610097
0.610125
0.610153
0.610181
0.610208
0.610236
0.610264
0.610292
0.610319
0.610347
0.610375
0.610375
0.610403
0.61043
0.610458
0.610486
0.610514
0.610542
0.610569
0.610597
0.610625
0.610653
0.61068
0.610708
0.610736
0.610764
0.610791
0.610819
0.610847
0.610875
0.610902
0.61093
0.610958
0.610986
0.611013
0.611041
0.611069
0.611097
0.611124
0.611152
0.61118
0.611208
0.611235
0.611263
0.611291
0.611319
0.611346
0.611374
0.611402
0.61143
0.611457
0.611485
0.611513
0.611541
0.611568
0.611596
0.611624
0.611652
0.611679
0.611707
0.611735
0.611763
0.61179
0.611818
0.611846
0.611874
0.611901
0.611929
0.611957
0.611985
0.612012
0.61204
0.612068
0.612096
0.612123
0.612151
0.612179
0.612207
0.612234
0.612262
0.61229
0.612318
0.612345
0.612373
0.612401
0.612429
0.612456
0.612484
0.612512
0.61254
0.612567
0.612595
0.612623
0.612651
0.612678
0.612706
0.612734
0.612762
0.61279
0.612817
0.612845
0.612845
0.612874
0.612903
0.612931
0.61296
0.612989
0.613018
0.613047
0.613076
0.613104
0.613133
0.613162
0.613191
0.61322
0.613248
0.613277
0.613306
0.613335
0.613364
0.613393
0.613421
0.61345
0.613479
0.613508
0.613537
0.613566
0.613594
0.613623
0.613652
0.613681
0.61371
0.613738
0.613767
0.613796
0.613825
0.613854
0.613883
0.613911
0.61394
0.613969
0.613998
0.614027
0.614055
0.614084
0.614113
0.614142
0.614171
0.6142
0.614228
0.614257
0.614286
0.614315
0.614344
0.614372
0.614401
0.61443
0.614459
0.614488
0.614517
0.614545
0.614574
0.614603
0.614632
0.614661
0.61469
0.614718
0.614747
0.614776
0.614805
0.614834
0.614862
0.614891
0.61492
0.614949
0.614978
0.615007
0.615035
0.615064
0.615093
0.615122
0.615151
0.615179
0.615208
0.615237
0.615266
0.615295
0.615324
0.615352
0.615381
0.61541
0.61541
0.615438
0.615466
0.615493
0.615521
0.615549
0.615577
0.615604
0.615632
0.61566
0.615688
0.615715
0.615743
0.615771
0.615799
0.615826
0.615854
0.615882
0.61591
0.615937
0.615965
0.615993
0.616021
0.616048
0.616076
0.616104
0.616132
0.616159
0.616187
0.616215
0.616243
0.61627
0.616298
0.616326
0.616354
0.616381
0.616409
0.616437
0.616465
0.616492
0.61652
0.616548
0.616576
0.616603
0.616631
0.616659
0.616687
0.616714
0.616742
0.61677
0.616798
0.616825
0.616853
0.616881
0.616909
0.616936
0.616964
0.616992
0.61702
0.617047
0.617075
0.617103
0.617131
0.617158
0.617186
0.617214
0.617242
0.617269
0.617297
0.617325
0.617353
0.61738
0.617408
0.617436
0.617464
0.617491
0.617519
0.617547
0.617575
0.617602
0.61763
0.617658
0.617686
0.617713
0.617741
0.617769
0.617797
0.617824
0.617852
0.61788
0.61788
0.61791
0.61794
0.61797
0.618
0.618029
0.618059
0.618089
0.618119
0.618149
0.618179
0.618209
0.618239
0.618269
0.618298
0.618328
0.618358
0.618388
0.618418
0.618448
0.618478
0.618508
0.618537
0.618567
0.618597
0.618627
0.618657
0.618687
0.618717
0.618747
0.618777
0.618806
0.618836
0.618866
0.618896
0.618926
0.618956
0.618986
0.619016
0.619046
0.619075
0.619105
0.619135
0.619165
0.619195
0.619225
0.619255
0.619285
0.619315
0.619344
0.619374
0.619404
0.619434
0.619464
0.619494
0.619524
0.619554
0.619584
0.619613
0.619643
0.619673
0.619703
0.619733
0.619763
0.619793
0.619823
0.619853
0.619882
0.619912
0.619942
0.619972
0.620002
0.620032
0.620062
0.620092
0.620122
0.620151
0.620181
0.620211
0.620241
0.620271
0.620301
0.620331
0.620361
0.620391
0.62042
0.62045
0.62048
0.62051
0.62054
0.62054
0.620572
0.620604
0.620636
0.620668
0.6207
0.620732
0.620764
0.620796
0.620828
0.62086
0.620892
0.620924
0.620956
0.620988
0.62102
0.621052
0.621084
0.621116
0.621148
0.62118
0.621212
0.621244
0.621276
0.621309
0.621341
0.621373
0.621405
0.621437
0.621469
0.621501
0.621533
0.621565
0.621597
0.621629
0.621661
0.621693
0.621725
0.621757
0.621789
0.621821
0.621853
0.621885
0.621917
0.621949
0.621981
0.622013
0.622045
0.622077
0.622109
0.622141
0.622173
0.622205
0.622237
0.622269
0.622301
0.622333
0.622365
0.622397
0.622429
0.622461
0.622493
0.622525
0.622557
0.622589
0.622621
0.622653
0.622685
0.622718
0.62275
0.622782
0.622814
0.622846
0.622878
0.62291
0.622942
0.622974
0.623006
0.623038
0.62307
0.623102
0.623134
0.623166
0.623198
0.62323
0.623262
0.623294
0.623326
0.623358
0.62339
0.62339
0.623422
0.623454
0.623486
0.623518
0.62355
0.623582
0.623614
0.623646
0.623678
0.62371
0.623742
0.623774
0.623806
0.623838
0.62387
0.623902
0.623934
0.623966
0.623998
0.62403
0.624062
0.624094
0.624127
0.624159
0.624191
0.624223
0.624255
0.624287
0.624319
0.624351
0.624383
0.624415
0.624447
0.624479
0.624511
0.624543
0.624575
0.624607
0.624639
0.624671
0.624703
0.624735
0.624767
0.624799
0.624831
0.624863
0.624895
0.624927
0.624959
0.624991
0.625023
0.625055
0.625087
0.625119
0.625151
0.625183
0.625215
0.625247
0.625279
0.625311
0.625343
0.625375
0.625407
0.625439
0.625471
0.625503
0.625536
0.625568
0.6256
0.625632
0.625664
0.625696
0.625728
0.62576
0.625792
0.625824
0.625856
0.625888
0.62592
0.625952
0.625984
0.626016
0.626048
0.62608
0.626112
0.626144
0.626176
0.626208
0.62624
0.62624
0.626273
0.626306
0.626339
0.626372
0.626405
0.626439
0.626472
0.626505
0.626538
0.626571
0.626604
0.626637
0.62667
0.626703
0.626736
0.626769
0.626803
0.626836
0.626869
0.626902
0.626935
0.626968
0.627001
0.627034
0.627067
0.6271
0.627133
0.627167
0.6272
0.627233
0.627266
0.627299
0.627332
0.627365
0.627398
0.627431
0.627464
0.627497
0.627531
0.627564
0.627597
0.62763
0.627663
0.627696
0.627729
0.627762
0.627795
0.627828
0.627861
0.627894
0.627928
0.627961
0.627994
0.628027
0.62806
0.628093
0.628126
0.628159
0.628192
0.628225
0.628258
0.628292
0.628325
0.628358
0.628391
0.628424
0.628457
0.62849
0.628523
0.628556
0.628589
0.628622
0.628656
0.628689
0.628722
0.628755
0.628788
0.628821
0.628854
0.628887
0.62892
0.628953
0.628986
0.629019
0.629053
0.629086
0.629119
0.629152
0.629185
0.629185
0.62922
0.629255
0.629291
0.629326
0.629361
0.629396
0.629432
0.629467
0.629502
0.629537
0.629572
0.629608
0.629643
0.629678
0.629713
0.629749
0.629784
0.629819
0.629854
0.629889
0.629925
0.62996
0.629995
0.63003
0.630066
0.630101
0.630136
0.630171
0.630206
0.630242
0.630277
0.630312
0.630347
0.630383
0.630418
0.630453
0.630488
0.630524
0.630559
0.630594
0.630629
0.630664
0.6307
0.630735
0.63077
0.630805
0.630841
0.630876
0.630911
0.630946
0.630981
0.631017
0.631052
0.631087
0.631122
0.631158
0.631193
0.631228
0.631263
0.631298
0.631334
0.631369
0.631404
0.631439
0.631475
0.63151
0.631545
0.63158
0.631615
0.631651
0.631686
0.631721
0.631756
0.631792
0.631827
0.631862
0.631897
0.631932
0.631968
0.632003
0.632038
0.632073
0.632109
0.632144
0.632179
0.632214
0.63225
0.632285
0.63232
0.63232
0.632357
0.632395
0.632432
0.632469
0.632507
0.632544
0.632582
0.632619
0.632656
0.632694
0.632731
0.632768
0.632806
0.632843
0.63288
0.632918
0.632955
0.632992
0.63303
0.633067
0.633105
0.633142
0.633179
0.633217
0.633254
0.633291
0.633329
0.633366
0.633403
0.633441
0.633478
0.633515
0.633553
0.63359
0.633628
0.633665
0.633702
0.63374
0.633777
0.633814
0.633852
0.633889
0.633926
0.633964
0.634001
0.634039
0.634076
0.634113
0.634151
0.634188
0.634225
0.634263
0.6343
0.634337
0.634375
0.634412
0.634449
0.634487
0.634524
0.634562
0.634599
0.634636
0.634674
0.634711
0.634748
0.634786
0.634823
0.63486
0.634898
0.634935
0.634973
0.63501
0.635047
0.635085
0.635122
0.635159
0.635197
0.635234
0.635271
0.635309
0.635346
0.635383
0.635421
0.635458
0.635496
0.635533
0.63557
0.635608
0.635645
0.635645
0.635686
0.635726
0.635767
0.635807
0.635848
0.635888
0.635929
0.635969
0.63601
0.636051
0.636091
0.636132
0.636172
0.636213
0.636253
0.636294
0.636335
0.636375
0.636416
0.636456
0.636497
0.636537
0.636578
0.636618
0.636659
0.6367
0.63674
0.636781
0.636821
0.636862
0.636902
0.636943
0.636984
0.637024
0.637065
0.637105
0.637146
0.637186
0.637227
0.637267
0.637308
0.637349
0.637389
0.63743
0.63747
0.637511
0.637551
0.637592
0.637633
0.637673
0.637714
0.637754
0.637795
0.637835
0.637876
0.637917
0.637957
0.637998
0.638038
0.638079
0.638119
0.63816
0.6382
0.638241
0.638282
0.638322
0.638363
0.638403
0.638444
0.638484
0.638525
0.638565
0.638606
0.638647
0.638687
0.638728
0.638768
0.638809
0.638849
0.63889
0.638931
0.638971
0.639012
0.639052
0.639093
0.639133
0.639174
0.639214
0.639255
0.639255
0.639297
0.639338
0.63938
0.639422
0.639463
0.639505
0.639546
0.639588
0.63963
0.639671
0.639713
0.639755
0.639796
0.639838
0.639879
0.639921
0.639963
0.640004
0.640046
0.640088
0.640129
0.640171
0.640213
0.640254
0.640296
0.640337
0.640379
0.640421
0.640462
0.640504
0.640546
0.640587
0.640629
0.64067
0.640712
0.640754
0.640795
0.640837
0.640879
0.64092
0.640962
0.641003
0.641045
0.641087
0.641128
0.64117
0.641212
0.641253
0.641295
0.641337
0.641378
0.64142
0.641461
0.641503
0.641545
0.641586
0.641628
0.64167
0.641711
0.641753
0.641794
0.641836
0.641878
0.641919
0.641961
0.642003
0.642044
0.642086
0.642127
0.642169
0.642211
0.642252
0.642294
0.642336
0.642377
0.642419
0.64246
0.642502
0.642544
0.642585
0.642627
0.642669
0.64271
0.642752
0.642793
0.642835
0.642877
0.642918
0.64296
0.64296
0.643008
0.643056
0.643104
0.643152
0.6432
0.643248
0.643296
0.643344
0.643392
0.64344
0.643488
0.643536
0.643584
0.643632
0.643681
0.643729
0.643777
0.643825
0.643873
0.643921
0.643969
0.644017
0.644065
0.644113
0.644161
0.644209
0.644257
0.644305
0.644353
0.644401
0.644449
0.644497
0.644545
0.644593
0.644641
0.644689
0.644737
0.644785
0.644833
0.644881
0.644929
0.644977
0.645025
0.645073
0.645122
0.64517
0.645218
0.645266
0.645314
0.645362
0.64541
0.645458
0.645506
0.645554
0.645602
0.64565
0.645698
0.645746
0.645794
0.645842
0.64589
0.645938
0.645986
0.646034
0.646082
0.64613
0.646178
0.646226
0.646274
0.646322
0.64637
0.646418
0.646466
0.646514
0.646563
0.646611
0.646659
0.646707
0.646755
0.646803
0.646851
0.646899
0.646947
0.646995
0.647043
0.647091
0.647139
0.647187
0.647235
0.647235
0.647289
0.647344
0.647398
0.647453
0.647507
0.647562
0.647616
0.647671
0.647725
0.647779
0.647834
0.647888
0.647943
0.647997
0.648052
0.648106
0.64816
0.648215
0.648269
0.648324
0.648378
0.648433
0.648487
0.648542
0.648596
0.64865
0.648705
0.648759
0.648814
0.648868
0.648923
0.648977
0.649031
0.649086
0.64914
0.649195
0.649249
0.649304
0.649358
0.649413
0.649467
0.649521
0.649576
0.64963
0.649685
0.649739
0.649794
0.649848
0.649902
0.649957
0.650011
0.650066
0.65012
0.650175
0.650229
0.650284
0.650338
0.650392
0.650447
0.650501
0.650556
0.65061
0.650665
0.650719
0.650773
0.650828
0.650882
0.650937
0.650991
0.651046
0.6511
0.651155
0.651209
0.651263
0.651318
0.651372
0.651427
0.651481
0.651536
0.65159
0.651644
0.651699
0.651753
0.651808
0.651862
0.651917
0.651971
0.652026
0.65208
0.65208
0.652142
0.652204
0.652266
0.652328
0.65239
0.652451
0.652513
0.652575
0.652637
0.652699
0.652761
0.652823
0.652885
0.652947
0.653009
0.653071
0.653132
0.653194
0.653256
0.653318
0.65338
0.653442
0.653504
0.653566
0.653628
0.65369
0.653752
0.653813
0.653875
0.653937
0.653999
0.654061
0.654123
0.654185
0.654247
0.654309
0.654371
0.654433
0.654495
0.654556
0.654618
0.65468
0.654742
0.654804
0.654866
0.654928
0.65499
0.655052
0.655114
0.655176
0.655237
0.655299
0.655361
0.655423
0.655485
0.655547
0.655609
0.655671
0.655733
0.655795
0.655857
0.655918
0.65598
0.656042
0.656104
0.656166
0.656228
0.65629
0.656352
0.656414
0.656476
0.656538
0.656599
0.656661
0.656723
0.656785
0.656847
0.656909
0.656971
0.657033
0.657095
0.657157
0.657219
0.657281
0.657342
0.657404
0.657466
0.657528
0.65759
0.65759
0.657664
0.657737
0.657811
0.657885
0.657958
0.658032
0.658106
0.658179
0.658253
0.658327
0.6584
0.658474
0.658548
0.658621
0.658695
0.658768
0.658842
0.658916
0.658989
0.659063
0.659137
0.65921
0.659284
0.659358
0.659431
0.659505
0.659579
0.659652
0.659726
0.6598
0.659873
0.659947
0.660021
0.660094
0.660168
0.660241
0.660315
0.660389
0.660462
0.660536
0.66061
0.660683
0.660757
0.660831
0.660904
0.660978
0.661052
0.661125
0.661199
0.661273
0.661346
0.66142
0.661494
0.661567
0.661641
0.661714
0.661788
0.661862
0.661935
0.662009
0.662083
0.662156
0.66223
0.662304
0.662377
0.662451
0.662525
0.662598
0.662672
0.662746
0.662819
0.662893
0.662967
0.66304
0.663114
0.663188
0.663261
0.663335
0.663408
0.663482
0.663556
0.663629
0.663703
0.663777
0.66385
0.663924
0.663998
0.664071
0.664145
0.664145
0.664245
0.664346
0.664446
0.664546
0.664647
0.664747
0.664847
0.664948
0.665048
0.665148
0.665249
0.665349
0.665449
0.66555
0.66565
0.66575
0.665851
0.665951
0.666051
0.666152
0.666252
0.666352
0.666453
0.666553
0.666653
0.666754
0.666854
0.666954
0.667055
0.667155
0.667255
0.667356
0.667456
0.667556
0.667657
0.667757
0.667857
0.667958
0.668058
0.668158
0.668259
0.668359
0.668459
0.66856
0.66866
0.668761
0.668861
0.668961
0.669062
0.669162
0.669262
0.669363
0.669463
0.669563
0.669664
0.669764
0.669864
0.669965
0.670065
0.670165
0.670266
0.670366
0.670466
0.670567
0.670667
0.670767
0.670868
0.670968
0.671068
0.671169
0.671269
0.671369
0.67147
0.67157
0.67167
0.671771
0.671871
0.671971
0.672072
0.672172
0.672272
0.672373
0.672473
0.672573
0.672674
0.672774
0.672874
0.672975
0.673075
0.673075
0.676187
0.679298
0.68241
0.685521
0.688633
0.691744
0.694856
0.697967
0.701079
0.70419
0.707302
0.710413
0.713525
0.716636
0.719748
0.722859
0.725971
0.729082
0.732194
0.735305
0.738417
0.741528
0.74464
0.747751
0.750863
0.753974
0.757086
0.760197
0.763309
0.76642
0.769532
0.772644
0.775755
0.778867
0.781978
0.78509
0.788201
0.791313
0.794424
0.797536
0.800647
0.803759
0.80687
0.809982
0.813093
0.816205
0.819316
0.822428
0.825539
0.828651
0.831762
0.834874
0.837985
0.841097
0.844208
0.84732
0.850431
0.853543
0.856655
0.859766
0.862878
0.865989
0.869101
0.872212
0.875324
0.878435
0.881547
0.884658
0.88777
0.890881
0.893993
0.897104
0.900216
0.903327
0.906439
0.90955
0.912662
0.915773
0.918885
0.921996
0.925108
0.928219
0.931331
0.934442
0.937554
0.940665
0.943777
0.946888
0.95
0.95
0.95002
0.95004
0.95006
0.95008
0.9501
0.95012
0.95014
0.95016
0.95018
0.9502
0.95022
0.95024
0.95026
0.95028
0.9503
0.95032
0.95034
0.95036
0.95038
0.9504
0.95042
0.95044
0.95046
0.95048
0.9505
0.95052
0.95054
0.95056
0.95058
0.9506
0.95062
0.95064
0.95066
0.95068
0.9507
0.95072
0.95074
0.95076
0.95078
0.9508
0.95082
0.95084
0.95086
0.95088
0.9509
0.95092
0.95094
0.95096
0.95098
0.951
0.95102
0.95104
0.95106
0.95108
0.9511
0.95112
0.95114
0.95116
0.95118
0.9512
0.95122
0.95124
0.95126
0.95128
0.9513
0.95132
0.95134
0.95136
0.95138
0.9514
0.95142
0.95144
0.95146
0.95148
0.9515
0.95152
0.95154
0.95156
0.95158
0.9516
0.95162
0.95164
0.95166
0.95168
0.9517
0.95172
0.95174
0.95176
0.95178
0.9518
0.95182
0.95184
0.95186
0.95188
0.9519
0.95192
0.95194
0.95196
0.95198
0.952
0.95202
0.95204
0.95206
0.95208
0.9521
0.95212
0.95214
0.95216
0.95218
0.9522
0.95222
0.95224
0.95226
0.95228
0.9523
0.95232
0.95234
0.95236
0.95238
0.9524
0.95242
0.95244
0.95246
0.95248
0.9525
0.95252
0.95254
0.95256
0.95258
0.9526
0.95262
0.95264
0.95266
0.95268
0.9527
0.95272
0.95274
0.95276
0.95278
0.9528
0.95282
0.95284
0.95286
0.95288
0.9529
0.95292
0.95294
0.95296
0.95298
0.953
0.95302
0.95304
0.95306
0.95308
0.9531
0.95312
0.95314
0.95316
0.95318
0.9532
0.95322
0.95324
0.95326
0.95328
0.9533
0.95332
0.95334
0.95336
0.95338
0.9534
0.95342
0.95344
0.95346
0.95348
0.9535
0.95352
0.95354
0.95356
0.95358
0.9536
0.95362
0.95364
0.95366
0.95368
0.9537
0.95372
0.95374
0.95376
0.95378
0.9538
0.95382
0.95384
0.95386
0.95388
0.9539
0.95392
0.95394
0.95396
0.95398
0.954
0.95402
0.95404
0.95406
0.95408
0.9541
0.95412
0.95414
0.95416
0.95418
0.9542
0.95422
0.95424
0.95426
0.95428
0.9543
0.95432
0.95434
0.95436
0.95438
0.9544
0.95442
0.95444
0.95446
0.95448
0.9545
0.95452
0.95454
0.95456
0.95458
0.9546
0.95462
0.95464
0.95466
0.95468
0.9547
0.95472
0.95474
0.95476
0.95478
0.9548
0.95482
0.95484
0.95486
0.95488
0.9549
0.95492
0.95494
0.95496
0.95498
0.955
0.95502
0.95504
0.95506
0.95508
0.9551
0.95512
0.95514
0.95516
0.95518
0.9552
0.95522
0.95524
0.95526
0.95528
0.9553
0.95532
0.95534
0.95536
0.95538
0.9554
0.95542
0.95544
0.95546
0.95548
0.9555
0.95552
0.95554
0.95556
0.95558
0.9556
0.95562
0.95564
0.95566
0.95568
0.9557
0.95572
0.95574
0.95576
0.95578
0.9558
0.95582
0.95584
0.95586
0.95588
0.9559
0.95592
0.95594
0.95596
0.95598
0.956
0.95602
0.95604
0.95606
0.95608
0.9561
0.95612
0.95614
0.95616
0.95618
0.9562
0.95622
0.95624
0.95626
0.95628
0.9563
0.95632
0.95634
0.95636
0.95638
0.9564
0.95642
0.95644
0.95646
0.95648
0.9565
0.95652
0.95654
0.95656
0.95658
0.9566
0.95662
0.95664
0.95666
0.95668
0.9567
0.95672
0.95674
0.95676
0.95678
0.9568
0.95682
0.95684
0.95686
0.95688
0.9569
0.95692
0.95694
0.95696
0.95698
0.957
0.95702
0.95704
0.95706
0.95708
0.9571
0.95712
0.95714
0.95716
0.95718
0.9572
0.95722
0.95724
0.95726
0.95728
0.9573
0.95732
0.95734
0.95736
0.95738
0.9574
0.95742
0.95744
0.95746
0.95748
0.9575
0.95752
0.95754
0.95756
0.95758
0.9576
0.95762
0.95764
0.95766
0.95768
0.9577
0.95772
0.95774
0.95776
0.95778
0.9578
0.95782
0.95784
0.95786
0.95788
0.9579
0.95792
0.95794
0.95796
0.95798
0.958
0.95802
0.95804
0.95806
0.95808
0.9581
0.95812
0.95814
0.95816
0.95818
0.9582
0.95822
0.95824
0.95826
0.95828
0.9583
0.95832
0.95834
0.95836
0.95838
0.9584
0.95842
0.95844
0.95846
0.95848
0.9585
0.95852
0.95854
0.95856
0.95858
0.9586
0.95862
0.95864
0.95866
0.95868
0.9587
0.95872
0.95874
0.95876
0.95878
0.9588
0.95882
0.95884
0.95886
0.95888
0.9589
0.95892
0.95894
0.95896
0.95898
0.959
0.95902
0.95904
0.95906
0.95908
0.9591
0.95912
0.95914
0.95916
0.95918
0.9592
0.95922
0.95924
0.95926
0.95928
0.9593
0.95932
0.95934
0.95936
0.95938
0.9594
0.95942
0.95944
0.95946
0.95948
0.9595
0.95952
0.95954
0.95956
0.95958
0.9596
0.95962
0.95964
0.95966
0.95968
0.9597
0.95972
0.95974
0.95976
0.95978
0.9598
0.95982
0.95984
0.95986
0.95988
0.9599
0.95992
0.95994
0.95996
0.95998
