1.92
0
0.01
0.01
0.01
0.01
0.01
0.01
0.01
0.01
0.01
0.01
0.01
0.01
0.01
0.01
0.01
0.01
0.0100492
0.0107192
0.0113891
0.0120591
0.012729
0.013399
0.0140689
0.0147389
0.0154088
0.0160788
0.0167487
0.0174187
0.0180886
0.0187586
0.0194285
0.0200985
0.0207684
0.0214384
0.0221083
0.0227783
0.0234482
0.0241182
0.0247881
0.0254581
0.026128
0.026798
0.0274679
0.0281379
0.0288078
0.0294778
0.0301477
0.0308177
0.0314876
0.0321576
0.0328275
0.0334975
0.0341674
0.0348374
0.0355073
0.0361773
0.0368472
0.0375172
0.0381871
0.0388571
0.039527
0.040197
0.0408669
0.0415369
0.0422068
0.0428768
0.0435467
0.0442167
0.0448866
0.0455566
0.0462265
0.0468965
0.0475664
0.0482364
0.0489063
0.0495763
0.0502462
0.0509162
0.0515861
0.0522561
0.052926
0.053596
0.0542659
0.0549359
0.0556058
0.0562758
0.0569457
0.0576157
0.0582856
0.0589556
0.0596255
0.0602955
0.0609654
0.0616354
0.0623053
0.0629753
0.0636452
0.0643152
0.0649851
0.0656551
0.066325
0.066995
0.0676649
0.0683349
0.0690048
0.0696748
0.0703447
0.0710147
0.0716846
0.0723546
0.0730245
0.0736945
0.0743644
0.0750344
0.0757043
0.0763743
0.0770442
0.0777142
0.0783841
0.0790541
0.079724
0.080394
0.0810639
0.0817339
0.0824038
0.0830738
0.0837437
0.0844137
0.0850836
0.0857536
0.0864235
0.0870935
0.0877634
0.0884334
0.0891033
0.0897733
0.0904432
0.0911132
0.0917831
0.0924531
0.093123
0.093793
0.0944629
0.0951329
0.0958028
0.0964728
0.0971427
0.0978127
0.0984826
0.0991526
0.0998225
0.100492
0.101162
0.101832
0.102502
0.103172
0.103842
0.104512
0.105182
0.105852
0.106522
0.107192
0.107862
0.108532
0.109202
0.109872
0.110542
0.111212
0.111882
0.112552
0.113222
0.113891
0.114561
0.115231
0.115901
0.116571
0.117241
0.117911
0.118581
0.119251
0.119921
0.120591
0.121261
0.121931
0.122601
0.123271
0.123941
0.124611
0.125281
0.125951
0.126621
0.12729
0.12796
0.12863
0.1293
0.12997
0.13064
0.13131
0.13198
0.13265
0.13332
0.13399
0.13466
0.13533
0.136
0.13667
0.13734
0.13801
0.13868
0.13935
0.14002
0.140689
0.141359
0.142029
0.142699
0.143369
0.144039
0.144709
0.145379
0.146049
0.146719
0.147389
0.148059
0.148729
0.149399
0.150069
0.150739
0.151409
0.152079
0.152749
0.153419
0.154088
0.154758
0.155428
0.156098
0.156768
0.157438
0.158108
0.158778
0.159448
0.160118
0.160788
0.161458
0.162128
0.162798
0.163468
0.164138
0.164808
0.165478
0.166148
0.166818
0.167487
0.168157
0.168827
0.169497
0.170167
0.170837
0.171507
0.172177
0.172847
0.173517
0.174187
0.174857
0.175527
0.176197
0.176867
0.177537
0.178207
0.178877
0.179547
0.180217
0.180886
0.181556
0.182226
0.182896
0.183566
0.184236
0.184906
0.185576
0.186246
0.186916
0.187586
0.188256
0.188926
0.189596
0.190266
0.190936
0.191606
0.192276
0.192946
0.193616
0.194285
0.194955
0.195625
0.196295
0.196965
0.197635
0.198305
0.198975
0.199645
0.200315
0.200985
0.201655
0.202325
0.202995
0.203665
0.204335
0.205005
0.205675
0.206345
0.207015
0.207684
0.208354
0.209024
0.209694
0.210364
0.211034
0.211704
0.212374
0.213044
0.213714
0.214384
0.215054
0.215724
0.216394
0.217064
0.217734
0.218404
0.219074
0.219744
0.220414
0.221083
0.221753
0.222423
0.223093
0.223763
0.224433
0.225103
0.225773
0.226443
0.227113
0.227783
0.228453
0.229123
0.229793
0.230463
0.231133
0.231803
0.232473
0.233143
0.233813
0.234482
0.235152
0.235822
0.236492
0.237162
0.237832
0.238502
0.239172
0.239842
0.240512
0.241182
0.241852
0.242522
0.243192
0.243862
0.244532
0.245202
0.245872
0.246542
0.247212
0.247881
0.248551
0.249221
0.249891
0.250561
0.251231
0.251901
0.252571
0.253241
0.253911
0.254581
0.255251
0.255921
0.256591
0.257261
0.257931
0.258601
0.259271
0.259941
0.260611
0.26128
0.26195
0.26262
0.26329
0.26396
0.26463
0.2653
0.26597
0.26664
0.26731
0.26798
0.26865
0.26932
0.26999
0.27066
0.27133
0.272
0.27267
0.27334
0.27401
0.274679
0.275349
0.276019
0.276689
0.277359
0.278029
0.278699
0.279369
0.280039
0.280709
0.281379
0.282049
0.282719
0.283389
0.284059
0.284729
0.285399
0.286069
0.286739
0.287409
0.288078
0.288748
0.289418
0.290088
0.290758
0.291428
0.292098
0.292768
0.293438
0.294108
0.294778
0.295448
0.296118
0.296788
0.297458
0.298128
0.298798
0.299468
0.300138
0.300808
0.301477
0.302147
0.302817
0.303487
0.304157
0.304827
0.305497
0.306167
0.306837
0.307507
0.308177
0.308847
0.309517
0.310187
0.310857
0.311527
0.312197
0.312867
0.313537
0.314207
0.314876
0.315546
0.316216
0.316886
0.317556
0.318226
0.318896
0.319566
0.320236
0.320906
0.321576
0.322246
0.322916
0.323586
0.324256
0.324926
0.325596
0.326266
0.326936
0.327606
0.328275
0.328945
0.329615
0.330285
0.330955
0.331625
0.332295
0.332965
0.333635
0.334305
0.334305
0.334955
0.335605
0.336256
0.336906
0.337556
0.338206
0.338857
0.339507
0.340157
0.340807
0.341457
0.342108
0.342758
0.343408
0.344058
0.344709
0.345359
0.346009
0.346659
0.347309
0.34796
0.34861
0.34926
0.34991
0.350561
0.351211
0.351861
0.352511
0.353161
0.353812
0.354462
0.355112
0.355762
0.356413
0.357063
0.357713
0.358363
0.359013
0.359664
0.360314
0.360964
0.361614
0.362265
0.362915
0.363565
0.363565
0.363955
0.364346
0.364736
0.365126
0.365517
0.365907
0.366297
0.366688
0.367078
0.367468
0.367859
0.368249
0.368639
0.36903
0.36942
0.36981
0.370201
0.370591
0.370981
0.371372
0.371762
0.372152
0.372543
0.372933
0.373323
0.373713
0.374104
0.374494
0.374884
0.375275
0.375665
0.376055
0.376446
0.376836
0.377226
0.377617
0.378007
0.378397
0.378788
0.379178
0.379568
0.379959
0.380349
0.380739
0.38113
0.38152
0.38152
0.381836
0.382152
0.382468
0.382784
0.3831
0.383416
0.383732
0.384048
0.384364
0.38468
0.384996
0.385312
0.385628
0.385944
0.38626
0.386576
0.386892
0.387208
0.387524
0.38784
0.388156
0.388472
0.388788
0.389103
0.389419
0.389735
0.390051
0.390367
0.390683
0.390999
0.391315
0.391631
0.391947
0.392263
0.392579
0.392895
0.393211
0.393527
0.393843
0.394159
0.394475
0.394791
0.395107
0.395423
0.395739
0.396055
0.396055
0.39633
0.396604
0.396879
0.397154
0.397428
0.397703
0.397978
0.398252
0.398527
0.398802
0.399076
0.399351
0.399626
0.3999
0.400175
0.40045
0.400724
0.400999
0.401274
0.401548
0.401823
0.402098
0.402373
0.402647
0.402922
0.403197
0.403471
0.403746
0.404021
0.404295
0.40457
0.404845
0.405119
0.405394
0.405669
0.405943
0.406218
0.406493
0.406767
0.407042
0.407317
0.407591
0.407866
0.408141
0.408415
0.40869
0.40869
0.40893
0.409169
0.409409
0.409648
0.409888
0.410127
0.410367
0.410607
0.410846
0.411086
0.411325
0.411565
0.411804
0.412044
0.412283
0.412523
0.412763
0.413002
0.413242
0.413481
0.413721
0.41396
0.4142
0.41444
0.414679
0.414919
0.415158
0.415398
0.415637
0.415877
0.416117
0.416356
0.416596
0.416835
0.417075
0.417314
0.417554
0.417793
0.418033
0.418273
0.418512
0.418752
0.418991
0.419231
0.41947
0.41971
0.41971
0.419925
0.42014
0.420354
0.420569
0.420784
0.420999
0.421213
0.421428
0.421643
0.421858
0.422073
0.422287
0.422502
0.422717
0.422932
0.423147
0.423361
0.423576
0.423791
0.424006
0.42422
0.424435
0.42465
0.424865
0.42508
0.425294
0.425509
0.425724
0.425939
0.426153
0.426368
0.426583
0.426798
0.427013
0.427227
0.427442
0.427657
0.427872
0.428087
0.428301
0.428516
0.428731
0.428946
0.42916
0.429375
0.42959
0.42959
0.429786
0.429982
0.430179
0.430375
0.430571
0.430767
0.430963
0.43116
0.431356
0.431552
0.431748
0.431944
0.432141
0.432337
0.432533
0.432729
0.432925
0.433122
0.433318
0.433514
0.43371
0.433906
0.434102
0.434299
0.434495
0.434691
0.434887
0.435083
0.43528
0.435476
0.435672
0.435868
0.436064
0.436261
0.436457
0.436653
0.436849
0.437045
0.437242
0.437438
0.437634
0.43783
0.438026
0.438223
0.438419
0.438615
0.438615
0.438807
0.438999
0.439191
0.439383
0.439575
0.439767
0.439959
0.440152
0.440344
0.440536
0.440728
0.44092
0.441112
0.441304
0.441496
0.441688
0.44188
0.442072
0.442264
0.442456
0.442648
0.44284
0.443033
0.443225
0.443417
0.443609
0.443801
0.443993
0.444185
0.444377
0.444569
0.444761
0.444953
0.445145
0.445337
0.445529
0.445721
0.445913
0.446106
0.446298
0.44649
0.446682
0.446874
0.447066
0.447258
0.44745
0.44745
0.447634
0.447817
0.448001
0.448185
0.448368
0.448552
0.448736
0.448919
0.449103
0.449287
0.44947
0.449654
0.449838
0.450021
0.450205
0.450389
0.450572
0.450756
0.45094
0.451123
0.451307
0.451491
0.451674
0.451858
0.452042
0.452225
0.452409
0.452593
0.452776
0.45296
0.453144
0.453327
0.453511
0.453695
0.453878
0.454062
0.454246
0.454429
0.454613
0.454797
0.45498
0.455164
0.455348
0.455531
0.455715
0.455715
0.455888
0.456062
0.456235
0.456409
0.456582
0.456756
0.456929
0.457103
0.457276
0.45745
0.457623
0.457797
0.45797
0.458144
0.458317
0.458491
0.458664
0.458838
0.459011
0.459185
0.459358
0.459532
0.459705
0.459878
0.460052
0.460225
0.460399
0.460572
0.460746
0.460919
0.461093
0.461266
0.46144
0.461613
0.461787
0.46196
0.462134
0.462307
0.462481
0.462654
0.462828
0.463001
0.463175
0.463348
0.463522
0.463695
0.463695
0.463866
0.464038
0.464209
0.464381
0.464552
0.464723
0.464895
0.465066
0.465238
0.465409
0.465581
0.465752
0.465923
0.466095
0.466266
0.466438
0.466609
0.46678
0.466952
0.467123
0.467295
0.467466
0.467637
0.467809
0.46798
0.468152
0.468323
0.468495
0.468666
0.468837
0.469009
0.46918
0.469352
0.469523
0.469694
0.469866
0.470037
0.470209
0.47038
0.470552
0.470723
0.470894
0.471066
0.471237
0.471409
0.47158
0.47158
0.471743
0.471906
0.472069
0.472233
0.472396
0.472559
0.472722
0.472885
0.473048
0.473212
0.473375
0.473538
0.473701
0.473864
0.474027
0.47419
0.474354
0.474517
0.47468
0.474843
0.475006
0.475169
0.475332
0.475496
0.475659
0.475822
0.475985
0.476148
0.476311
0.476475
0.476638
0.476801
0.476964
0.477127
0.47729
0.477453
0.477617
0.47778
0.477943
0.478106
0.478269
0.478432
0.478596
0.478759
0.478922
0.479085
0.479085
0.479242
0.479399
0.479556
0.479713
0.47987
0.480027
0.480184
0.480341
0.480498
0.480655
0.480812
0.480968
0.481125
0.481282
0.481439
0.481596
0.481753
0.48191
0.482067
0.482224
0.482381
0.482538
0.482695
0.482852
0.483009
0.483166
0.483323
0.48348
0.483637
0.483794
0.483951
0.484108
0.484265
0.484422
0.484578
0.484735
0.484892
0.485049
0.485206
0.485363
0.48552
0.485677
0.485834
0.485991
0.486148
0.486305
0.486305
0.486454
0.486602
0.486751
0.4869
0.487048
0.487197
0.487346
0.487495
0.487643
0.487792
0.487941
0.488089
0.488238
0.488387
0.488535
0.488684
0.488833
0.488982
0.48913
0.489279
0.489428
0.489576
0.489725
0.489874
0.490022
0.490171
0.49032
0.490469
0.490617
0.490766
0.490915
0.491063
0.491212
0.491361
0.491509
0.491658
0.491807
0.491955
0.492104
0.492253
0.492402
0.49255
0.492699
0.492848
0.492996
0.493145
0.493145
0.49329
0.493434
0.493579
0.493723
0.493868
0.494012
0.494157
0.494302
0.494446
0.494591
0.494735
0.49488
0.495024
0.495169
0.495313
0.495458
0.495603
0.495747
0.495892
0.496036
0.496181
0.496325
0.49647
0.496615
0.496759
0.496904
0.497048
0.497193
0.497337
0.497482
0.497627
0.497771
0.497916
0.49806
0.498205
0.498349
0.498494
0.498638
0.498783
0.498928
0.499072
0.499217
0.499361
0.499506
0.49965
0.499795
0.499795
0.499933
0.500072
0.50021
0.500348
0.500487
0.500625
0.500764
0.500902
0.50104
0.501179
0.501317
0.501455
0.501594
0.501732
0.501871
0.502009
0.502147
0.502286
0.502424
0.502562
0.502701
0.502839
0.502977
0.503116
0.503254
0.503393
0.503531
0.503669
0.503808
0.503946
0.504084
0.504223
0.504361
0.5045
0.504638
0.504776
0.504915
0.505053
0.505191
0.50533
0.505468
0.505607
0.505745
0.505883
0.506022
0.50616
0.50616
0.506293
0.506426
0.506559
0.506692
0.506825
0.506958
0.507091
0.507224
0.507357
0.50749
0.507623
0.507756
0.507889
0.508022
0.508155
0.508288
0.508421
0.508554
0.508687
0.50882
0.508953
0.509086
0.509219
0.509352
0.509485
0.509618
0.509751
0.509884
0.510017
0.51015
0.510283
0.510416
0.510549
0.510682
0.510815
0.510948
0.511081
0.511214
0.511347
0.51148
0.511613
0.511746
0.511879
0.512012
0.512145
0.512145
0.512271
0.512397
0.512523
0.512649
0.512775
0.512901
0.513027
0.513153
0.513279
0.513405
0.513531
0.513657
0.513783
0.513909
0.514035
0.514161
0.514287
0.514413
0.514539
0.514665
0.514791
0.514916
0.515042
0.515168
0.515294
0.51542
0.515546
0.515672
0.515798
0.515924
0.51605
0.516176
0.516302
0.516428
0.516554
0.51668
0.516806
0.516932
0.517058
0.517184
0.51731
0.517436
0.517562
0.517688
0.517814
0.51794
0.51794
0.518058
0.518175
0.518293
0.518411
0.518529
0.518646
0.518764
0.518882
0.518999
0.519117
0.519235
0.519353
0.51947
0.519588
0.519706
0.519823
0.519941
0.520059
0.520177
0.520294
0.520412
0.52053
0.520648
0.520765
0.520883
0.521001
0.521118
0.521236
0.521354
0.521472
0.521589
0.521707
0.521825
0.521942
0.52206
0.522178
0.522296
0.522413
0.522531
0.522649
0.522766
0.522884
0.523002
0.52312
0.523237
0.523355
0.523355
0.523473
0.52359
0.523708
0.523826
0.523944
0.524061
0.524179
0.524297
0.524414
0.524532
0.52465
0.524768
0.524885
0.525003
0.525121
0.525238
0.525356
0.525474
0.525592
0.525709
0.525827
0.525945
0.526062
0.52618
0.526298
0.526416
0.526533
0.526651
0.526769
0.526887
0.527004
0.527122
0.52724
0.527357
0.527475
0.527593
0.52771
0.527828
0.527946
0.528064
0.528181
0.528299
0.528417
0.528535
0.528652
0.52877
0.52877
0.528879
0.528989
0.529098
0.529208
0.529317
0.529427
0.529536
0.529646
0.529755
0.529865
0.529974
0.530083
0.530193
0.530302
0.530412
0.530521
0.530631
0.53074
0.53085
0.530959
0.531069
0.531178
0.531287
0.531397
0.531506
0.531616
0.531725
0.531835
0.531944
0.532054
0.532163
0.532273
0.532382
0.532492
0.532601
0.53271
0.53282
0.532929
0.533039
0.533148
0.533258
0.533367
0.533477
0.533586
0.533696
0.533805
0.533805
0.533912
0.53402
0.534127
0.534235
0.534342
0.534449
0.534557
0.534664
0.534772
0.534879
0.534986
0.535094
0.535201
0.535308
0.535416
0.535523
0.535631
0.535738
0.535845
0.535953
0.53606
0.536168
0.536275
0.536382
0.53649
0.536597
0.536705
0.536812
0.536919
0.537027
0.537134
0.537242
0.537349
0.537456
0.537564
0.537671
0.537778
0.537886
0.537993
0.538101
0.538208
0.538315
0.538423
0.53853
0.538638
0.538745
0.538745
0.538848
0.538952
0.539055
0.539158
0.539261
0.539365
0.539468
0.539571
0.539674
0.539778
0.539881
0.539984
0.540087
0.540191
0.540294
0.540397
0.5405
0.540604
0.540707
0.54081
0.540913
0.541017
0.54112
0.541223
0.541327
0.54143
0.541533
0.541636
0.54174
0.541843
0.541946
0.542049
0.542153
0.542256
0.542359
0.542462
0.542566
0.542669
0.542772
0.542875
0.542979
0.543082
0.543185
0.543288
0.543392
0.543495
0.543495
0.543594
0.543693
0.543792
0.543892
0.543991
0.54409
0.544189
0.544288
0.544387
0.544486
0.544585
0.544685
0.544784
0.544883
0.544982
0.545081
0.54518
0.545279
0.545378
0.545478
0.545577
0.545676
0.545775
0.545874
0.545973
0.546072
0.546172
0.546271
0.54637
0.546469
0.546568
0.546667
0.546766
0.546865
0.546965
0.547064
0.547163
0.547262
0.547361
0.54746
0.547559
0.547658
0.547758
0.547857
0.547956
0.548055
0.548055
0.548152
0.548249
0.548346
0.548443
0.548541
0.548638
0.548735
0.548832
0.548929
0.549026
0.549123
0.54922
0.549317
0.549415
0.549512
0.549609
0.549706
0.549803
0.5499
0.549997
0.550094
0.550191
0.550289
0.550386
0.550483
0.55058
0.550677
0.550774
0.550871
0.550968
0.551065
0.551163
0.55126
0.551357
0.551454
0.551551
0.551648
0.551745
0.551842
0.551939
0.552037
0.552134
0.552231
0.552328
0.552425
0.552425
0.552518
0.552611
0.552704
0.552797
0.55289
0.552983
0.553076
0.553168
0.553261
0.553354
0.553447
0.55354
0.553633
0.553726
0.553819
0.553912
0.554005
0.554098
0.554191
0.554284
0.554377
0.55447
0.554563
0.554655
0.554748
0.554841
0.554934
0.555027
0.55512
0.555213
0.555306
0.555399
0.555492
0.555585
0.555678
0.555771
0.555864
0.555957
0.556049
0.556142
0.556235
0.556328
0.556421
0.556514
0.556607
0.5567
0.5567
0.556789
0.556878
0.556966
0.557055
0.557144
0.557233
0.557322
0.55741
0.557499
0.557588
0.557677
0.557766
0.557854
0.557943
0.558032
0.558121
0.55821
0.558299
0.558387
0.558476
0.558565
0.558654
0.558743
0.558831
0.55892
0.559009
0.559098
0.559187
0.559275
0.559364
0.559453
0.559542
0.559631
0.559719
0.559808
0.559897
0.559986
0.560075
0.560163
0.560252
0.560341
0.56043
0.560519
0.560607
0.560696
0.560785
0.560785
0.560872
0.560958
0.561045
0.561132
0.561219
0.561305
0.561392
0.561479
0.561566
0.561652
0.561739
0.561826
0.561913
0.561999
0.562086
0.562173
0.56226
0.562346
0.562433
0.56252
0.562607
0.562693
0.56278
0.562867
0.562953
0.56304
0.563127
0.563214
0.5633
0.563387
0.563474
0.563561
0.563647
0.563734
0.563821
0.563908
0.563994
0.564081
0.564168
0.564255
0.564341
0.564428
0.564515
0.564602
0.564688
0.564775
0.564775
0.56486
0.564944
0.565029
0.565114
0.565198
0.565283
0.565368
0.565452
0.565537
0.565622
0.565706
0.565791
0.565876
0.56596
0.566045
0.56613
0.566214
0.566299
0.566384
0.566468
0.566553
0.566638
0.566723
0.566807
0.566892
0.566976
0.567061
0.567146
0.567231
0.567315
0.5674
0.567485
0.567569
0.567654
0.567739
0.567823
0.567908
0.567993
0.568077
0.568162
0.568247
0.568331
0.568416
0.568501
0.568585
0.56867
0.56867
0.568748
0.568827
0.568905
0.568984
0.569062
0.569141
0.569219
0.569298
0.569376
0.569455
0.569533
0.569612
0.56969
0.569769
0.569847
0.569926
0.570004
0.570083
0.570161
0.57024
0.570318
0.570396
0.570475
0.570553
0.570632
0.57071
0.570789
0.570867
0.570946
0.571024
0.571103
0.571181
0.57126
0.571338
0.571417
0.571495
0.571574
0.571652
0.571731
0.571809
0.571888
0.571966
0.572045
0.572123
0.572201
0.57228
0.57228
0.572356
0.572433
0.572509
0.572586
0.572662
0.572738
0.572815
0.572891
0.572968
0.573044
0.573121
0.573197
0.573273
0.57335
0.573426
0.573503
0.573579
0.573655
0.573732
0.573808
0.573885
0.573961
0.574037
0.574114
0.57419
0.574267
0.574343
0.57442
0.574496
0.574572
0.574649
0.574725
0.574802
0.574878
0.574954
0.575031
0.575107
0.575184
0.57526
0.575337
0.575413
0.575489
0.575566
0.575642
0.575719
0.575795
0.575795
0.575871
0.575948
0.576024
0.576101
0.576177
0.576253
0.57633
0.576406
0.576483
0.576559
0.576636
0.576712
0.576788
0.576865
0.576941
0.577018
0.577094
0.57717
0.577247
0.577323
0.5774
0.577476
0.577552
0.577629
0.577705
0.577782
0.577858
0.577935
0.578011
0.578087
0.578164
0.57824
0.578317
0.578393
0.578469
0.578546
0.578622
0.578699
0.578775
0.578852
0.578928
0.579004
0.579081
0.579157
0.579234
0.57931
0.57931
0.579382
0.579454
0.579525
0.579597
0.579669
0.579741
0.579812
0.579884
0.579956
0.580028
0.5801
0.580171
0.580243
0.580315
0.580387
0.580458
0.58053
0.580602
0.580674
0.580746
0.580817
0.580889
0.580961
0.581033
0.581104
0.581176
0.581248
0.58132
0.581392
0.581463
0.581535
0.581607
0.581679
0.58175
0.581822
0.581894
0.581966
0.582038
0.582109
0.582181
0.582253
0.582325
0.582397
0.582468
0.58254
0.58254
0.58261
0.58268
0.582751
0.582821
0.582891
0.582961
0.583032
0.583102
0.583172
0.583242
0.583312
0.583383
0.583453
0.583523
0.583593
0.583663
0.583734
0.583804
0.583874
0.583944
0.584015
0.584085
0.584155
0.584225
0.584295
0.584366
0.584436
0.584506
0.584576
0.584647
0.584717
0.584787
0.584857
0.584927
0.584998
0.585068
0.585138
0.585208
0.585278
0.585349
0.585419
0.585489
0.585559
0.58563
0.5857
0.58577
0.58577
0.585836
0.585902
0.585968
0.586034
0.5861
0.586167
0.586233
0.586299
0.586365
0.586431
0.586497
0.586563
0.586629
0.586695
0.586761
0.586827
0.586893
0.58696
0.587026
0.587092
0.587158
0.587224
0.58729
0.587356
0.587422
0.587488
0.587554
0.58762
0.587686
0.587753
0.587819
0.587885
0.587951
0.588017
0.588083
0.588149
0.588215
0.588281
0.588347
0.588413
0.58848
0.588546
0.588612
0.588678
0.588744
0.58881
0.58881
0.588874
0.588938
0.589002
0.589066
0.58913
0.589194
0.589258
0.589322
0.589386
0.58945
0.589514
0.589578
0.589642
0.589706
0.58977
0.589834
0.589898
0.589962
0.590026
0.59009
0.590154
0.590218
0.590282
0.590347
0.590411
0.590475
0.590539
0.590603
0.590667
0.590731
0.590795
0.590859
0.590923
0.590987
0.591051
0.591115
0.591179
0.591243
0.591307
0.591371
0.591435
0.591499
0.591563
0.591627
0.591691
0.591755
0.591755
0.591813
0.591871
0.591928
0.591986
0.592044
0.592102
0.59216
0.592218
0.592275
0.592333
0.592391
0.592449
0.592507
0.592565
0.592622
0.59268
0.592738
0.592796
0.592854
0.592912
0.592969
0.593027
0.593085
0.593143
0.593201
0.593259
0.593316
0.593374
0.593432
0.59349
0.593548
0.593605
0.593663
0.593721
0.593779
0.593837
0.593895
0.593952
0.59401
0.594068
0.594126
0.594184
0.594242
0.594299
0.594357
0.594415
0.594415
0.594477
0.594539
0.594601
0.594663
0.594725
0.594787
0.594849
0.594911
0.594973
0.595035
0.595097
0.595158
0.59522
0.595282
0.595344
0.595406
0.595468
0.59553
0.595592
0.595654
0.595716
0.595778
0.59584
0.595902
0.595964
0.596026
0.596088
0.59615
0.596212
0.596274
0.596336
0.596398
0.59646
0.596522
0.596583
0.596645
0.596707
0.596769
0.596831
0.596893
0.596955
0.597017
0.597079
0.597141
0.597203
0.597265
0.597265
0.597325
0.597385
0.597445
0.597505
0.597564
0.597624
0.597684
0.597744
0.597804
0.597864
0.597924
0.597984
0.598044
0.598104
0.598163
0.598223
0.598283
0.598343
0.598403
0.598463
0.598523
0.598583
0.598643
0.598702
0.598762
0.598822
0.598882
0.598942
0.599002
0.599062
0.599122
0.599182
0.599241
0.599301
0.599361
0.599421
0.599481
0.599541
0.599601
0.599661
0.599721
0.59978
0.59984
0.5999
0.59996
0.60002
0.60002
0.600082
0.600144
0.600206
0.600268
0.60033
0.600392
0.600454
0.600516
0.600578
0.60064
0.600702
0.600763
0.600825
0.600887
0.600949
0.601011
0.601073
0.601135
0.601197
0.601259
0.601321
0.601383
0.601445
0.601507
0.601569
0.601631
0.601693
0.601755
0.601817
0.601879
0.601941
0.602003
0.602065
0.602127
0.602188
0.60225
0.602312
0.602374
0.602436
0.602498
0.60256
0.602622
0.602684
0.602746
0.602808
0.60287
0.60287
0.602923
0.602976
0.603028
0.603081
0.603134
0.603187
0.603239
0.603292
0.603345
0.603398
0.603451
0.603503
0.603556
0.603609
0.603662
0.603714
0.603767
0.60382
0.603873
0.603926
0.603978
0.604031
0.604084
0.604137
0.604189
0.604242
0.604295
0.604348
0.604401
0.604453
0.604506
0.604559
0.604612
0.604664
0.604717
0.60477
0.604823
0.604876
0.604928
0.604981
0.605034
0.605087
0.605139
0.605192
0.605245
0.605245
0.605299
0.605352
0.605406
0.60546
0.605513
0.605567
0.605621
0.605675
0.605728
0.605782
0.605836
0.605889
0.605943
0.605997
0.60605
0.606104
0.606158
0.606212
0.606265
0.606319
0.606373
0.606426
0.60648
0.606534
0.606587
0.606641
0.606695
0.606748
0.606802
0.606856
0.60691
0.606963
0.607017
0.607071
0.607124
0.607178
0.607232
0.607285
0.607339
0.607393
0.607447
0.6075
0.607554
0.607608
0.607661
0.607715
0.607715
0.607769
0.607822
0.607876
0.60793
0.607983
0.608037
0.608091
0.608145
0.608198
0.608252
0.608306
0.608359
0.608413
0.608467
0.60852
0.608574
0.608628
0.608682
0.608735
0.608789
0.608843
0.608896
0.60895
0.609004
0.609057
0.609111
0.609165
0.609218
0.609272
0.609326
0.60938
0.609433
0.609487
0.609541
0.609594
0.609648
0.609702
0.609755
0.609809
0.609863
0.609917
0.60997
0.610024
0.610078
0.610131
0.610185
0.610185
0.610241
0.610297
0.610352
0.610408
0.610464
0.61052
0.610575
0.610631
0.610687
0.610743
0.610798
0.610854
0.61091
0.610966
0.611021
0.611077
0.611133
0.611189
0.611244
0.6113
0.611356
0.611412
0.611467
0.611523
0.611579
0.611635
0.611691
0.611746
0.611802
0.611858
0.611914
0.611969
0.612025
0.612081
0.612137
0.612192
0.612248
0.612304
0.61236
0.612415
0.612471
0.612527
0.612583
0.612638
0.612694
0.61275
0.61275
0.612804
0.612857
0.612911
0.612965
0.613018
0.613072
0.613126
0.61318
0.613233
0.613287
0.613341
0.613394
0.613448
0.613502
0.613555
0.613609
0.613663
0.613717
0.61377
0.613824
0.613878
0.613931
0.613985
0.614039
0.614092
0.614146
0.6142
0.614253
0.614307
0.614361
0.614415
0.614468
0.614522
0.614576
0.614629
0.614683
0.614737
0.61479
0.614844
0.614898
0.614952
0.615005
0.615059
0.615113
0.615166
0.61522
0.61522
0.615274
0.615327
0.615381
0.615435
0.615488
0.615542
0.615596
0.61565
0.615703
0.615757
0.615811
0.615864
0.615918
0.615972
0.616025
0.616079
0.616133
0.616187
0.61624
0.616294
0.616348
0.616401
0.616455
0.616509
0.616562
0.616616
0.61667
0.616723
0.616777
0.616831
0.616885
0.616938
0.616992
0.617046
0.617099
0.617153
0.617207
0.61726
0.617314
0.617368
0.617422
0.617475
0.617529
0.617583
0.617636
0.61769
0.61769
0.617744
0.617797
0.617851
0.617905
0.617958
0.618012
0.618066
0.61812
0.618173
0.618227
0.618281
0.618334
0.618388
0.618442
0.618495
0.618549
0.618603
0.618657
0.61871
0.618764
0.618818
0.618871
0.618925
0.618979
0.619032
0.619086
0.61914
0.619193
0.619247
0.619301
0.619355
0.619408
0.619462
0.619516
0.619569
0.619623
0.619677
0.61973
0.619784
0.619838
0.619892
0.619945
0.619999
0.620053
0.620106
0.62016
0.62016
0.62021
0.620259
0.620309
0.620358
0.620408
0.620457
0.620507
0.620557
0.620606
0.620656
0.620705
0.620755
0.620804
0.620854
0.620903
0.620953
0.621003
0.621052
0.621102
0.621151
0.621201
0.62125
0.6213
0.62135
0.621399
0.621449
0.621498
0.621548
0.621597
0.621647
0.621697
0.621746
0.621796
0.621845
0.621895
0.621944
0.621994
0.622043
0.622093
0.622143
0.622192
0.622242
0.622291
0.622341
0.62239
0.62244
0.62244
0.622489
0.622537
0.622586
0.622634
0.622683
0.622731
0.62278
0.622828
0.622877
0.622926
0.622974
0.623023
0.623071
0.62312
0.623168
0.623217
0.623265
0.623314
0.623363
0.623411
0.62346
0.623508
0.623557
0.623605
0.623654
0.623702
0.623751
0.6238
0.623848
0.623897
0.623945
0.623994
0.624042
0.624091
0.624139
0.624188
0.624237
0.624285
0.624334
0.624382
0.624431
0.624479
0.624528
0.624576
0.624625
0.624625
0.62467
0.624716
0.624761
0.624807
0.624852
0.624898
0.624943
0.624988
0.625034
0.625079
0.625125
0.62517
0.625216
0.625261
0.625307
0.625352
0.625397
0.625443
0.625488
0.625534
0.625579
0.625625
0.62567
0.625715
0.625761
0.625806
0.625852
0.625897
0.625943
0.625988
0.626033
0.626079
0.626124
0.62617
0.626215
0.626261
0.626306
0.626352
0.626397
0.626442
0.626488
0.626533
0.626579
0.626624
0.62667
0.626715
0.626715
0.62676
0.626806
0.626851
0.626897
0.626942
0.626988
0.627033
0.627078
0.627124
0.627169
0.627215
0.62726
0.627306
0.627351
0.627397
0.627442
0.627487
0.627533
0.627578
0.627624
0.627669
0.627715
0.62776
0.627805
0.627851
0.627896
0.627942
0.627987
0.628033
0.628078
0.628123
0.628169
0.628214
0.62826
0.628305
0.628351
0.628396
0.628442
0.628487
0.628532
0.628578
0.628623
0.628669
0.628714
0.62876
0.628805
0.628805
0.628848
0.628892
0.628935
0.628978
0.629022
0.629065
0.629109
0.629152
0.629195
0.629239
0.629282
0.629325
0.629369
0.629412
0.629456
0.629499
0.629542
0.629586
0.629629
0.629672
0.629716
0.629759
0.629802
0.629846
0.629889
0.629933
0.629976
0.630019
0.630063
0.630106
0.630149
0.630193
0.630236
0.63028
0.630323
0.630366
0.63041
0.630453
0.630496
0.63054
0.630583
0.630626
0.63067
0.630713
0.630757
0.6308
0.6308
0.630845
0.630891
0.630936
0.630982
0.631027
0.631073
0.631118
0.631163
0.631209
0.631254
0.6313
0.631345
0.631391
0.631436
0.631481
0.631527
0.631572
0.631618
0.631663
0.631709
0.631754
0.6318
0.631845
0.63189
0.631936
0.631981
0.632027
0.632072
0.632118
0.632163
0.632208
0.632254
0.632299
0.632345
0.63239
0.632436
0.632481
0.632527
0.632572
0.632617
0.632663
0.632708
0.632754
0.632799
0.632845
0.63289
0.63289
0.632935
0.632981
0.633026
0.633072
0.633117
0.633163
0.633208
0.633253
0.633299
0.633344
0.63339
0.633435
0.633481
0.633526
0.633572
0.633617
0.633662
0.633708
0.633753
0.633799
0.633844
0.63389
0.633935
0.63398
0.634026
0.634071
0.634117
0.634162
0.634208
0.634253
0.634298
0.634344
0.634389
0.634435
0.63448
0.634526
0.634571
0.634616
0.634662
0.634707
0.634753
0.634798
0.634844
0.634889
0.634935
0.63498
0.63498
0.635021
0.635063
0.635104
0.635145
0.635186
0.635228
0.635269
0.63531
0.635352
0.635393
0.635434
0.635476
0.635517
0.635558
0.6356
0.635641
0.635682
0.635723
0.635765
0.635806
0.635847
0.635889
0.63593
0.635971
0.636013
0.636054
0.636095
0.636137
0.636178
0.636219
0.63626
0.636302
0.636343
0.636384
0.636426
0.636467
0.636508
0.63655
0.636591
0.636632
0.636674
0.636715
0.636756
0.636797
0.636839
0.63688
0.63688
0.636921
0.636963
0.637004
0.637045
0.637087
0.637128
0.637169
0.63721
0.637252
0.637293
0.637334
0.637376
0.637417
0.637458
0.6375
0.637541
0.637582
0.637623
0.637665
0.637706
0.637747
0.637789
0.63783
0.637871
0.637913
0.637954
0.637995
0.638037
0.638078
0.638119
0.63816
0.638202
0.638243
0.638284
0.638326
0.638367
0.638408
0.63845
0.638491
0.638532
0.638573
0.638615
0.638656
0.638697
0.638739
0.63878
0.63878
0.638824
0.638869
0.638913
0.638957
0.639002
0.639046
0.63909
0.639135
0.639179
0.639223
0.639268
0.639312
0.639356
0.639401
0.639445
0.639489
0.639534
0.639578
0.639622
0.639667
0.639711
0.639755
0.6398
0.639844
0.639888
0.639933
0.639977
0.640021
0.640066
0.64011
0.640154
0.640199
0.640243
0.640287
0.640332
0.640376
0.64042
0.640465
0.640509
0.640553
0.640598
0.640642
0.640686
0.640731
0.640775
0.640775
0.640814
0.640853
0.640893
0.640932
0.640971
0.64101
0.64105
0.641089
0.641128
0.641167
0.641207
0.641246
0.641285
0.641324
0.641364
0.641403
0.641442
0.641481
0.641521
0.64156
0.641599
0.641638
0.641677
0.641717
0.641756
0.641795
0.641834
0.641874
0.641913
0.641952
0.641991
0.642031
0.64207
0.642109
0.642148
0.642188
0.642227
0.642266
0.642305
0.642345
0.642384
0.642423
0.642462
0.642502
0.642541
0.64258
0.64258
0.642617
0.642654
0.642692
0.642729
0.642766
0.642803
0.64284
0.642877
0.642915
0.642952
0.642989
0.643026
0.643063
0.6431
0.643138
0.643175
0.643212
0.643249
0.643286
0.643323
0.643361
0.643398
0.643435
0.643472
0.643509
0.643547
0.643584
0.643621
0.643658
0.643695
0.643732
0.64377
0.643807
0.643844
0.643881
0.643918
0.643955
0.643993
0.64403
0.644067
0.644104
0.644141
0.644179
0.644216
0.644253
0.64429
0.64429
0.644329
0.644369
0.644408
0.644447
0.644486
0.644525
0.644565
0.644604
0.644643
0.644682
0.644722
0.644761
0.6448
0.644839
0.644879
0.644918
0.644957
0.644996
0.645036
0.645075
0.645114
0.645153
0.645193
0.645232
0.645271
0.64531
0.64535
0.645389
0.645428
0.645467
0.645506
0.645546
0.645585
0.645624
0.645663
0.645703
0.645742
0.645781
0.64582
0.64586
0.645899
0.645938
0.645977
0.646017
0.646056
0.646095
0.646095
0.64613
0.646165
0.6462
0.646235
0.646271
0.646306
0.646341
0.646376
0.646411
0.646446
0.646481
0.646516
0.646551
0.646587
0.646622
0.646657
0.646692
0.646727
0.646762
0.646797
0.646832
0.646867
0.646903
0.646938
0.646973
0.647008
0.647043
0.647078
0.647113
0.647148
0.647183
0.647219
0.647254
0.647289
0.647324
0.647359
0.647394
0.647429
0.647464
0.647499
0.647534
0.64757
0.647605
0.64764
0.647675
0.64771
0.64771
0.647749
0.647789
0.647828
0.647867
0.647906
0.647945
0.647985
0.648024
0.648063
0.648102
0.648142
0.648181
0.64822
0.648259
0.648299
0.648338
0.648377
0.648416
0.648456
0.648495
0.648534
0.648573
0.648612
0.648652
0.648691
0.64873
0.648769
0.648809
0.648848
0.648887
0.648926
0.648966
0.649005
0.649044
0.649083
0.649123
0.649162
0.649201
0.64924
0.64928
0.649319
0.649358
0.649397
0.649437
0.649476
0.649515
0.649515
0.64955
0.649585
0.64962
0.649655
0.649691
0.649726
0.649761
0.649796
0.649831
0.649866
0.649901
0.649936
0.649971
0.650007
0.650042
0.650077
0.650112
0.650147
0.650182
0.650217
0.650252
0.650287
0.650323
0.650358
0.650393
0.650428
0.650463
0.650498
0.650533
0.650568
0.650603
0.650639
0.650674
0.650709
0.650744
0.650779
0.650814
0.650849
0.650884
0.650919
0.650954
0.65099
0.651025
0.65106
0.651095
0.65113
0.65113
0.651167
0.651204
0.651242
0.651279
0.651316
0.651353
0.65139
0.651427
0.651465
0.651502
0.651539
0.651576
0.651613
0.65165
0.651688
0.651725
0.651762
0.651799
0.651836
0.651873
0.651911
0.651948
0.651985
0.652022
0.652059
0.652097
0.652134
0.652171
0.652208
0.652245
0.652282
0.65232
0.652357
0.652394
0.652431
0.652468
0.652505
0.652543
0.65258
0.652617
0.652654
0.652691
0.652728
0.652766
0.652803
0.65284
0.65284
0.652884
0.652929
0.652973
0.653017
0.653062
0.653106
0.65315
0.653195
0.653239
0.653283
0.653328
0.653372
0.653416
0.653461
0.653505
0.653549
0.653594
0.653638
0.653682
0.653727
0.653771
0.653815
0.65386
0.653904
0.653948
0.653993
0.654037
0.654081
0.654126
0.65417
0.654214
0.654259
0.654303
0.654347
0.654392
0.654436
0.65448
0.654525
0.654569
0.654613
0.654658
0.654702
0.654746
0.654791
0.654835
0.654835
0.654874
0.654913
0.654953
0.654992
0.655031
0.65507
0.65511
0.655149
0.655188
0.655227
0.655267
0.655306
0.655345
0.655384
0.655424
0.655463
0.655502
0.655541
0.655581
0.65562
0.655659
0.655698
0.655738
0.655777
0.655816
0.655855
0.655894
0.655934
0.655973
0.656012
0.656051
0.656091
0.65613
0.656169
0.656208
0.656248
0.656287
0.656326
0.656365
0.656405
0.656444
0.656483
0.656522
0.656561
0.656601
0.65664
0.65664
0.656677
0.656714
0.656752
0.656789
0.656826
0.656863
0.6569
0.656937
0.656975
0.657012
0.657049
0.657086
0.657123
0.65716
0.657198
0.657235
0.657272
0.657309
0.657346
0.657383
0.657421
0.657458
0.657495
0.657532
0.657569
0.657607
0.657644
0.657681
0.657718
0.657755
0.657792
0.65783
0.657867
0.657904
0.657941
0.657978
0.658015
0.658053
0.65809
0.658127
0.658164
0.658201
0.658238
0.658276
0.658313
0.65835
0.65835
0.658389
0.658428
0.658468
0.658507
0.658546
0.658585
0.658625
0.658664
0.658703
0.658742
0.658782
0.658821
0.65886
0.658899
0.658939
0.658978
0.659017
0.659056
0.659096
0.659135
0.659174
0.659213
0.659253
0.659292
0.659331
0.65937
0.659409
0.659449
0.659488
0.659527
0.659566
0.659606
0.659645
0.659684
0.659723
0.659763
0.659802
0.659841
0.65988
0.65992
0.659959
0.659998
0.660037
0.660076
0.660116
0.660155
0.660155
0.660198
0.660242
0.660285
0.660329
0.660372
0.660415
0.660459
0.660502
0.660545
0.660589
0.660632
0.660675
0.660719
0.660762
0.660806
0.660849
0.660892
0.660936
0.660979
0.661022
0.661066
0.661109
0.661152
0.661196
0.661239
0.661283
0.661326
0.661369
0.661413
0.661456
0.6615
0.661543
0.661586
0.66163
0.661673
0.661716
0.66176
0.661803
0.661846
0.66189
0.661933
0.661977
0.66202
0.662063
0.662107
0.66215
0.66215
0.662195
0.662241
0.662286
0.662332
0.662377
0.662423
0.662468
0.662513
0.662559
0.662604
0.66265
0.662695
0.662741
0.662786
0.662832
0.662877
0.662922
0.662968
0.663013
0.663059
0.663104
0.66315
0.663195
0.66324
0.663286
0.663331
0.663377
0.663422
0.663468
0.663513
0.663558
0.663604
0.663649
0.663695
0.66374
0.663786
0.663831
0.663877
0.663922
0.663967
0.664013
0.664058
0.664104
0.664149
0.664195
0.66424
0.66424
0.664288
0.664335
0.664383
0.66443
0.664478
0.664525
0.664572
0.66462
0.664667
0.664715
0.664762
0.66481
0.664858
0.664905
0.664953
0.665
0.665048
0.665095
0.665142
0.66519
0.665237
0.665285
0.665332
0.66538
0.665428
0.665475
0.665523
0.66557
0.665617
0.665665
0.665712
0.66576
0.665807
0.665855
0.665902
0.66595
0.665998
0.666045
0.666093
0.66614
0.666187
0.666235
0.666282
0.66633
0.666377
0.666425
0.666425
0.666468
0.666512
0.666555
0.666598
0.666642
0.666685
0.666729
0.666772
0.666815
0.666859
0.666902
0.666945
0.666989
0.667032
0.667076
0.667119
0.667162
0.667206
0.667249
0.667292
0.667336
0.667379
0.667423
0.667466
0.667509
0.667553
0.667596
0.667639
0.667683
0.667726
0.667769
0.667813
0.667856
0.6679
0.667943
0.667986
0.66803
0.668073
0.668116
0.66816
0.668203
0.668247
0.66829
0.668333
0.668377
0.66842
0.66842
0.668469
0.668517
0.668566
0.668614
0.668663
0.668711
0.66876
0.668808
0.668857
0.668906
0.668954
0.669003
0.669051
0.6691
0.669148
0.669197
0.669245
0.669294
0.669343
0.669391
0.66944
0.669488
0.669537
0.669585
0.669634
0.669682
0.669731
0.66978
0.669828
0.669877
0.669925
0.669974
0.670022
0.670071
0.670119
0.670168
0.670217
0.670265
0.670314
0.670362
0.670411
0.670459
0.670508
0.670556
0.670605
0.670605
0.67065
0.670696
0.670741
0.670787
0.670832
0.670878
0.670923
0.670968
0.671014
0.671059
0.671105
0.67115
0.671196
0.671241
0.671287
0.671332
0.671377
0.671423
0.671468
0.671514
0.671559
0.671605
0.67165
0.671695
0.671741
0.671786
0.671832
0.671877
0.671923
0.671968
0.672014
0.672059
0.672104
0.67215
0.672195
0.672241
0.672286
0.672332
0.672377
0.672422
0.672468
0.672513
0.672559
0.672604
0.67265
0.672695
0.672695
0.672738
0.672782
0.672825
0.672868
0.672912
0.672955
0.672999
0.673042
0.673085
0.673129
0.673172
0.673215
0.673259
0.673302
0.673346
0.673389
0.673432
0.673476
0.673519
0.673562
0.673606
0.673649
0.673693
0.673736
0.673779
0.673823
0.673866
0.673909
0.673953
0.673996
0.674039
0.674083
0.674126
0.67417
0.674213
0.674256
0.6743
0.674343
0.674386
0.67443
0.674473
0.674517
0.67456
0.674603
0.674647
0.67469
0.67469
0.674733
0.674777
0.67482
0.674863
0.674907
0.67495
0.674994
0.675037
0.67508
0.675124
0.675167
0.67521
0.675254
0.675297
0.675341
0.675384
0.675427
0.675471
0.675514
0.675557
0.675601
0.675644
0.675687
0.675731
0.675774
0.675818
0.675861
0.675904
0.675948
0.675991
0.676034
0.676078
0.676121
0.676165
0.676208
0.676251
0.676295
0.676338
0.676381
0.676425
0.676468
0.676512
0.676555
0.676598
0.676642
0.676685
0.676685
0.676737
0.676788
0.67684
0.676892
0.676943
0.676995
0.677046
0.677098
0.67715
0.677201
0.677253
0.677305
0.677356
0.677408
0.677459
0.677511
0.677563
0.677614
0.677666
0.677718
0.677769
0.677821
0.677872
0.677924
0.677976
0.678027
0.678079
0.678131
0.678182
0.678234
0.678286
0.678337
0.678389
0.67844
0.678492
0.678544
0.678595
0.678647
0.678699
0.67875
0.678802
0.678853
0.678905
0.678957
0.679008
0.67906
0.67906
0.67911
0.679159
0.679209
0.679258
0.679308
0.679357
0.679407
0.679457
0.679506
0.679556
0.679605
0.679655
0.679704
0.679754
0.679803
0.679853
0.679903
0.679952
0.680002
0.680051
0.680101
0.68015
0.6802
0.68025
0.680299
0.680349
0.680398
0.680448
0.680497
0.680547
0.680597
0.680646
0.680696
0.680745
0.680795
0.680844
0.680894
0.680943
0.680993
0.681043
0.681092
0.681142
0.681191
0.681241
0.68129
0.68134
0.68134
0.681375
0.68141
0.681445
0.68148
0.681516
0.681551
0.681586
0.681621
0.681656
0.681691
0.681726
0.681761
0.681796
0.681832
0.681867
0.681902
0.681937
0.681972
0.682007
0.682042
0.682077
0.682112
0.682148
0.682183
0.682218
0.682253
0.682288
0.682323
0.682358
0.682393
0.682428
0.682463
0.682499
0.682534
0.682569
0.682604
0.682639
0.682674
0.682709
0.682744
0.682779
0.682815
0.68285
0.682885
0.68292
0.682955
0.682955
0.683007
0.683058
0.68311
0.683162
0.683213
0.683265
0.683316
0.683368
0.68342
0.683471
0.683523
0.683575
0.683626
0.683678
0.683729
0.683781
0.683833
0.683884
0.683936
0.683988
0.684039
0.684091
0.684143
0.684194
0.684246
0.684297
0.684349
0.684401
0.684452
0.684504
0.684556
0.684607
0.684659
0.68471
0.684762
0.684814
0.684865
0.684917
0.684969
0.68502
0.685072
0.685124
0.685175
0.685227
0.685278
0.68533
0.68533
0.685376
0.685423
0.685469
0.685516
0.685562
0.685609
0.685655
0.685702
0.685748
0.685794
0.685841
0.685887
0.685934
0.68598
0.686027
0.686073
0.68612
0.686166
0.686212
0.686259
0.686305
0.686352
0.686398
0.686445
0.686491
0.686538
0.686584
0.68663
0.686677
0.686723
0.68677
0.686816
0.686863
0.686909
0.686956
0.687002
0.687048
0.687095
0.687141
0.687188
0.687234
0.687281
0.687327
0.687374
0.68742
0.68742
0.687461
0.687503
0.687544
0.687585
0.687626
0.687668
0.687709
0.68775
0.687792
0.687833
0.687874
0.687916
0.687957
0.687998
0.68804
0.688081
0.688122
0.688163
0.688205
0.688246
0.688287
0.688329
0.68837
0.688411
0.688453
0.688494
0.688535
0.688577
0.688618
0.688659
0.6887
0.688742
0.688783
0.688824
0.688866
0.688907
0.688948
0.68899
0.689031
0.689072
0.689113
0.689155
0.689196
0.689237
0.689279
0.68932
0.68932
0.689363
0.689407
0.68945
0.689493
0.689537
0.68958
0.689624
0.689667
0.68971
0.689754
0.689797
0.68984
0.689884
0.689927
0.689971
0.690014
0.690057
0.690101
0.690144
0.690187
0.690231
0.690274
0.690318
0.690361
0.690404
0.690448
0.690491
0.690534
0.690578
0.690621
0.690664
0.690708
0.690751
0.690795
0.690838
0.690881
0.690925
0.690968
0.691011
0.691055
0.691098
0.691142
0.691185
0.691228
0.691272
0.691315
0.691315
0.691354
0.691393
0.691433
0.691472
0.691511
0.69155
0.69159
0.691629
0.691668
0.691707
0.691747
0.691786
0.691825
0.691864
0.691904
0.691943
0.691982
0.692021
0.692061
0.6921
0.692139
0.692178
0.692217
0.692257
0.692296
0.692335
0.692374
0.692414
0.692453
0.692492
0.692531
0.692571
0.69261
0.692649
0.692688
0.692728
0.692767
0.692806
0.692845
0.692885
0.692924
0.692963
0.693002
0.693042
0.693081
0.69312
0.69312
0.693163
0.693207
0.69325
0.693294
0.693337
0.69338
0.693424
0.693467
0.69351
0.693554
0.693597
0.69364
0.693684
0.693727
0.693771
0.693814
0.693857
0.693901
0.693944
0.693987
0.694031
0.694074
0.694118
0.694161
0.694204
0.694248
0.694291
0.694334
0.694378
0.694421
0.694465
0.694508
0.694551
0.694595
0.694638
0.694681
0.694725
0.694768
0.694811
0.694855
0.694898
0.694942
0.694985
0.695028
0.695072
0.695115
0.695115
0.695154
0.695194
0.695233
0.695272
0.695311
0.69535
0.69539
0.695429
0.695468
0.695507
0.695547
0.695586
0.695625
0.695664
0.695704
0.695743
0.695782
0.695821
0.695861
0.6959
0.695939
0.695978
0.696018
0.696057
0.696096
0.696135
0.696175
0.696214
0.696253
0.696292
0.696331
0.696371
0.69641
0.696449
0.696488
0.696528
0.696567
0.696606
0.696645
0.696685
0.696724
0.696763
0.696802
0.696842
0.696881
0.69692
0.69692
0.696961
0.697003
0.697044
0.697085
0.697127
0.697168
0.697209
0.69725
0.697292
0.697333
0.697374
0.697416
0.697457
0.697498
0.69754
0.697581
0.697622
0.697663
0.697705
0.697746
0.697787
0.697829
0.69787
0.697911
0.697953
0.697994
0.698035
0.698077
0.698118
0.698159
0.6982
0.698242
0.698283
0.698324
0.698366
0.698407
0.698448
0.69849
0.698531
0.698572
0.698613
0.698655
0.698696
0.698737
0.698779
0.69882
0.69882
0.698861
0.698903
0.698944
0.698985
0.699027
0.699068
0.699109
0.69915
0.699192
0.699233
0.699274
0.699316
0.699357
0.699398
0.69944
0.699481
0.699522
0.699564
0.699605
0.699646
0.699687
0.699729
0.69977
0.699811
0.699853
0.699894
0.699935
0.699977
0.700018
0.700059
0.7001
0.700142
0.700183
0.700224
0.700266
0.700307
0.700348
0.70039
0.700431
0.700472
0.700513
0.700555
0.700596
0.700637
0.700679
0.70072
0.70072
0.700764
0.700809
0.700853
0.700897
0.700942
0.700986
0.70103
0.701075
0.701119
0.701163
0.701208
0.701252
0.701296
0.701341
0.701385
0.701429
0.701474
0.701518
0.701562
0.701607
0.701651
0.701695
0.70174
0.701784
0.701828
0.701873
0.701917
0.701961
0.702006
0.70205
0.702094
0.702139
0.702183
0.702227
0.702272
0.702316
0.70236
0.702405
0.702449
0.702493
0.702538
0.702582
0.702626
0.702671
0.702715
0.702715
0.702765
0.702814
0.702864
0.702913
0.702963
0.703012
0.703062
0.703112
0.703161
0.703211
0.70326
0.70331
0.703359
0.703409
0.703458
0.703508
0.703558
0.703607
0.703657
0.703706
0.703756
0.703805
0.703855
0.703905
0.703954
0.704004
0.704053
0.704103
0.704152
0.704202
0.704252
0.704301
0.704351
0.7044
0.70445
0.704499
0.704549
0.704598
0.704648
0.704698
0.704747
0.704797
0.704846
0.704896
0.704945
0.704995
0.704995
0.705045
0.705094
0.705144
0.705193
0.705243
0.705292
0.705342
0.705392
0.705441
0.705491
0.70554
0.70559
0.705639
0.705689
0.705738
0.705788
0.705838
0.705887
0.705937
0.705986
0.706036
0.706085
0.706135
0.706185
0.706234
0.706284
0.706333
0.706383
0.706432
0.706482
0.706532
0.706581
0.706631
0.70668
0.70673
0.706779
0.706829
0.706878
0.706928
0.706978
0.707027
0.707077
0.707126
0.707176
0.707225
0.707275
0.707275
0.70732
0.707366
0.707411
0.707457
0.707502
0.707548
0.707593
0.707638
0.707684
0.707729
0.707775
0.70782
0.707866
0.707911
0.707956
0.708002
0.708047
0.708093
0.708138
0.708184
0.708229
0.708275
0.70832
0.708365
0.708411
0.708456
0.708502
0.708547
0.708593
0.708638
0.708683
0.708729
0.708774
0.70882
0.708865
0.708911
0.708956
0.709002
0.709047
0.709092
0.709138
0.709183
0.709229
0.709274
0.70932
0.709365
0.709365
0.709404
0.709444
0.709483
0.709522
0.709561
0.7096
0.70964
0.709679
0.709718
0.709757
0.709797
0.709836
0.709875
0.709914
0.709954
0.709993
0.710032
0.710071
0.710111
0.71015
0.710189
0.710228
0.710268
0.710307
0.710346
0.710385
0.710424
0.710464
0.710503
0.710542
0.710581
0.710621
0.71066
0.710699
0.710738
0.710778
0.710817
0.710856
0.710895
0.710935
0.710974
0.711013
0.711052
0.711092
0.711131
0.71117
0.71117
0.711213
0.711257
0.7113
0.711343
0.711387
0.71143
0.711474
0.711517
0.71156
0.711604
0.711647
0.71169
0.711734
0.711777
0.711821
0.711864
0.711907
0.711951
0.711994
0.712037
0.712081
0.712124
0.712168
0.712211
0.712254
0.712298
0.712341
0.712384
0.712428
0.712471
0.712514
0.712558
0.712601
0.712645
0.712688
0.712731
0.712775
0.712818
0.712861
0.712905
0.712948
0.712992
0.713035
0.713078
0.713122
0.713165
0.713165
0.713204
0.713243
0.713283
0.713322
0.713361
0.7134
0.71344
0.713479
0.713518
0.713557
0.713597
0.713636
0.713675
0.713714
0.713754
0.713793
0.713832
0.713871
0.713911
0.71395
0.713989
0.714028
0.714067
0.714107
0.714146
0.714185
0.714224
0.714264
0.714303
0.714342
0.714381
0.714421
0.71446
0.714499
0.714538
0.714578
0.714617
0.714656
0.714695
0.714735
0.714774
0.714813
0.714852
0.714891
0.714931
0.71497
0.71497
0.715013
0.715057
0.7151
0.715144
0.715187
0.71523
0.715274
0.715317
0.71536
0.715404
0.715447
0.71549
0.715534
0.715577
0.715621
0.715664
0.715707
0.715751
0.715794
0.715837
0.715881
0.715924
0.715968
0.716011
0.716054
0.716098
0.716141
0.716184
0.716228
0.716271
0.716314
0.716358
0.716401
0.716445
0.716488
0.716531
0.716575
0.716618
0.716661
0.716705
0.716748
0.716792
0.716835
0.716878
0.716922
0.716965
0.716965
0.717009
0.717054
0.717098
0.717142
0.717187
0.717231
0.717275
0.71732
0.717364
0.717408
0.717453
0.717497
0.717541
0.717586
0.71763
0.717674
0.717719
0.717763
0.717807
0.717852
0.717896
0.71794
0.717985
0.718029
0.718073
0.718118
0.718162
0.718206
0.718251
0.718295
0.718339
0.718384
0.718428
0.718472
0.718517
0.718561
0.718605
0.71865
0.718694
0.718738
0.718783
0.718827
0.718871
0.718916
0.71896
0.71896
0.718999
0.719038
0.719078
0.719117
0.719156
0.719195
0.719235
0.719274
0.719313
0.719352
0.719392
0.719431
0.71947
0.719509
0.719549
0.719588
0.719627
0.719666
0.719706
0.719745
0.719784
0.719823
0.719862
0.719902
0.719941
0.71998
0.720019
0.720059
0.720098
0.720137
0.720176
0.720216
0.720255
0.720294
0.720333
0.720373
0.720412
0.720451
0.72049
0.72053
0.720569
0.720608
0.720647
0.720686
0.720726
0.720765
0.720765
0.720817
0.720868
0.72092
0.720972
0.721023
0.721075
0.721126
0.721178
0.72123
0.721281
0.721333
0.721385
0.721436
0.721488
0.721539
0.721591
0.721643
0.721694
0.721746
0.721798
0.721849
0.721901
0.721952
0.722004
0.722056
0.722107
0.722159
0.722211
0.722262
0.722314
0.722366
0.722417
0.722469
0.72252
0.722572
0.722624
0.722675
0.722727
0.722779
0.72283
0.722882
0.722933
0.722985
0.723037
0.723088
0.72314
0.72314
0.723188
0.723235
0.723283
0.72333
0.723378
0.723425
0.723472
0.72352
0.723567
0.723615
0.723662
0.72371
0.723758
0.723805
0.723853
0.7239
0.723948
0.723995
0.724042
0.72409
0.724137
0.724185
0.724232
0.72428
0.724328
0.724375
0.724423
0.72447
0.724517
0.724565
0.724612
0.72466
0.724707
0.724755
0.724802
0.72485
0.724898
0.724945
0.724993
0.72504
0.725087
0.725135
0.725182
0.72523
0.725277
0.725325
0.725325
0.72537
0.725416
0.725461
0.725507
0.725552
0.725598
0.725643
0.725688
0.725734
0.725779
0.725825
0.72587
0.725916
0.725961
0.726007
0.726052
0.726097
0.726143
0.726188
0.726234
0.726279
0.726325
0.72637
0.726415
0.726461
0.726506
0.726552
0.726597
0.726643
0.726688
0.726733
0.726779
0.726824
0.72687
0.726915
0.726961
0.727006
0.727051
0.727097
0.727142
0.727188
0.727233
0.727279
0.727324
0.72737
0.727415
0.727415
0.727446
0.727477
0.727508
0.727539
0.72757
0.727601
0.727632
0.727663
0.727694
0.727725
0.727756
0.727787
0.727818
0.727849
0.72788
0.727911
0.727942
0.727973
0.728004
0.728035
0.728066
0.728096
0.728127
0.728158
0.728189
0.72822
0.728251
0.728282
0.728313
0.728344
0.728375
0.728406
0.728437
0.728468
0.728499
0.72853
0.728561
0.728592
0.728623
0.728654
0.728685
0.728716
0.728747
0.728778
0.728809
0.72884
0.72884
0.728877
0.728914
0.728952
0.728989
0.729026
0.729063
0.7291
0.729137
0.729175
0.729212
0.729249
0.729286
0.729323
0.72936
0.729398
0.729435
0.729472
0.729509
0.729546
0.729583
0.729621
0.729658
0.729695
0.729732
0.729769
0.729807
0.729844
0.729881
0.729918
0.729955
0.729992
0.73003
0.730067
0.730104
0.730141
0.730178
0.730215
0.730253
0.73029
0.730327
0.730364
0.730401
0.730438
0.730476
0.730513
0.73055
0.73055
0.730581
0.730612
0.730643
0.730674
0.730705
0.730736
0.730767
0.730798
0.730829
0.73086
0.730891
0.730922
0.730953
0.730984
0.731015
0.731046
0.731077
0.731108
0.731139
0.73117
0.731201
0.731232
0.731263
0.731293
0.731324
0.731355
0.731386
0.731417
0.731448
0.731479
0.73151
0.731541
0.731572
0.731603
0.731634
0.731665
0.731696
0.731727
0.731758
0.731789
0.73182
0.731851
0.731882
0.731913
0.731944
0.731975
0.731975
0.732007
0.732038
0.73207
0.732102
0.732133
0.732165
0.732197
0.732228
0.73226
0.732292
0.732323
0.732355
0.732387
0.732418
0.73245
0.732482
0.732513
0.732545
0.732577
0.732608
0.73264
0.732672
0.732703
0.732735
0.732767
0.732798
0.73283
0.732862
0.732893
0.732925
0.732957
0.732988
0.73302
0.733052
0.733083
0.733115
0.733147
0.733178
0.73321
0.733242
0.733273
0.733305
0.733337
0.733368
0.7334
0.7334
0.733435
0.73347
0.733505
0.73354
0.733576
0.733611
0.733646
0.733681
0.733716
0.733751
0.733786
0.733821
0.733856
0.733891
0.733927
0.733962
0.733997
0.734032
0.734067
0.734102
0.734137
0.734172
0.734208
0.734243
0.734278
0.734313
0.734348
0.734383
0.734418
0.734453
0.734488
0.734523
0.734559
0.734594
0.734629
0.734664
0.734699
0.734734
0.734769
0.734804
0.734839
0.734875
0.73491
0.734945
0.73498
0.735015
0.735015
0.735067
0.735118
0.73517
0.735222
0.735273
0.735325
0.735376
0.735428
0.73548
0.735531
0.735583
0.735635
0.735686
0.735738
0.735789
0.735841
0.735893
0.735944
0.735996
0.736048
0.736099
0.736151
0.736202
0.736254
0.736306
0.736357
0.736409
0.736461
0.736512
0.736564
0.736616
0.736667
0.736719
0.73677
0.736822
0.736874
0.736925
0.736977
0.737029
0.73708
0.737132
0.737183
0.737235
0.737287
0.737338
0.73739
0.73739
0.737429
0.737468
0.737508
0.737547
0.737586
0.737625
0.737665
0.737704
0.737743
0.737782
0.737822
0.737861
0.7379
0.737939
0.737979
0.738018
0.738057
0.738096
0.738136
0.738175
0.738214
0.738253
0.738292
0.738332
0.738371
0.73841
0.738449
0.738489
0.738528
0.738567
0.738606
0.738646
0.738685
0.738724
0.738763
0.738803
0.738842
0.738881
0.73892
0.73896
0.738999
0.739038
0.739077
0.739116
0.739156
0.739195
0.739195
0.739234
0.739273
0.739313
0.739352
0.739391
0.73943
0.73947
0.739509
0.739548
0.739587
0.739627
0.739666
0.739705
0.739744
0.739784
0.739823
0.739862
0.739901
0.739941
0.73998
0.740019
0.740058
0.740098
0.740137
0.740176
0.740215
0.740254
0.740294
0.740333
0.740372
0.740411
0.740451
0.74049
0.740529
0.740568
0.740608
0.740647
0.740686
0.740725
0.740765
0.740804
0.740843
0.740882
0.740921
0.740961
0.741
0.741
0.741031
0.741062
0.741093
0.741124
0.741155
0.741186
0.741217
0.741248
0.741279
0.74131
0.741341
0.741372
0.741403
0.741434
0.741465
0.741496
0.741527
0.741558
0.741589
0.74162
0.741651
0.741682
0.741712
0.741743
0.741774
0.741805
0.741836
0.741867
0.741898
0.741929
0.74196
0.741991
0.742022
0.742053
0.742084
0.742115
0.742146
0.742177
0.742208
0.742239
0.74227
0.742301
0.742332
0.742363
0.742394
0.742425
0.742425
0.742454
0.742483
0.742512
0.742541
0.74257
0.742598
0.742627
0.742656
0.742685
0.742714
0.742743
0.742772
0.742801
0.74283
0.742859
0.742888
0.742916
0.742945
0.742974
0.743003
0.743032
0.743061
0.74309
0.743119
0.743148
0.743177
0.743206
0.743235
0.743263
0.743292
0.743321
0.74335
0.743379
0.743408
0.743437
0.743466
0.743495
0.743524
0.743553
0.743581
0.74361
0.743639
0.743668
0.743697
0.743726
0.743755
0.743755
0.743784
0.743813
0.743842
0.743871
0.7439
0.743928
0.743957
0.743986
0.744015
0.744044
0.744073
0.744102
0.744131
0.74416
0.744189
0.744218
0.744246
0.744275
0.744304
0.744333
0.744362
0.744391
0.74442
0.744449
0.744478
0.744507
0.744536
0.744565
0.744594
0.744622
0.744651
0.74468
0.744709
0.744738
0.744767
0.744796
0.744825
0.744854
0.744883
0.744911
0.74494
0.744969
0.744998
0.745027
0.745056
0.745085
0.745085
0.745125
0.745165
0.745205
0.745245
0.745286
0.745326
0.745366
0.745406
0.745446
0.745486
0.745526
0.745566
0.745606
0.745647
0.745687
0.745727
0.745767
0.745807
0.745847
0.745887
0.745927
0.745967
0.746008
0.746048
0.746088
0.746128
0.746168
0.746208
0.746248
0.746288
0.746328
0.746369
0.746409
0.746449
0.746489
0.746529
0.746569
0.746609
0.746649
0.746689
0.74673
0.74677
0.74681
0.74685
0.74689
0.74689
0.746927
0.746964
0.747002
0.747039
0.747076
0.747113
0.74715
0.747187
0.747225
0.747262
0.747299
0.747336
0.747373
0.74741
0.747448
0.747485
0.747522
0.747559
0.747596
0.747633
0.747671
0.747708
0.747745
0.747782
0.747819
0.747857
0.747894
0.747931
0.747968
0.748005
0.748042
0.74808
0.748117
0.748154
0.748191
0.748228
0.748265
0.748303
0.74834
0.748377
0.748414
0.748451
0.748488
0.748526
0.748563
0.7486
0.7486
0.748637
0.748674
0.748712
0.748749
0.748786
0.748823
0.74886
0.748897
0.748935
0.748972
0.749009
0.749046
0.749083
0.74912
0.749158
0.749195
0.749232
0.749269
0.749306
0.749343
0.749381
0.749418
0.749455
0.749492
0.749529
0.749567
0.749604
0.749641
0.749678
0.749715
0.749752
0.74979
0.749827
0.749864
0.749901
0.749938
0.749975
0.750013
0.75005
0.750087
0.750124
0.750161
0.750198
0.750236
0.750273
0.75031
0.75031
0.750343
0.750376
0.750409
0.750442
0.750475
0.750508
0.750541
0.750574
0.750607
0.75064
0.750673
0.750707
0.75074
0.750773
0.750806
0.750839
0.750872
0.750905
0.750938
0.750971
0.751004
0.751037
0.75107
0.751103
0.751136
0.751169
0.751202
0.751235
0.751268
0.751301
0.751334
0.751367
0.7514
0.751433
0.751467
0.7515
0.751533
0.751566
0.751599
0.751632
0.751665
0.751698
0.751731
0.751764
0.751797
0.75183
0.75183
0.751859
0.751888
0.751917
0.751946
0.751975
0.752003
0.752032
0.752061
0.75209
0.752119
0.752148
0.752177
0.752206
0.752235
0.752264
0.752293
0.752322
0.75235
0.752379
0.752408
0.752437
0.752466
0.752495
0.752524
0.752553
0.752582
0.752611
0.75264
0.752668
0.752697
0.752726
0.752755
0.752784
0.752813
0.752842
0.752871
0.7529
0.752929
0.752958
0.752987
0.753015
0.753044
0.753073
0.753102
0.753131
0.75316
0.75316
0.753185
0.75321
0.753234
0.753259
0.753284
0.753309
0.753333
0.753358
0.753383
0.753408
0.753433
0.753457
0.753482
0.753507
0.753532
0.753557
0.753581
0.753606
0.753631
0.753656
0.75368
0.753705
0.75373
0.753755
0.75378
0.753804
0.753829
0.753854
0.753879
0.753903
0.753928
0.753953
0.753978
0.754003
0.754027
0.754052
0.754077
0.754102
0.754127
0.754151
0.754176
0.754201
0.754226
0.75425
0.754275
0.7543
0.7543
0.754323
0.754345
0.754368
0.754391
0.754414
0.754436
0.754459
0.754482
0.754504
0.754527
0.75455
0.754573
0.754595
0.754618
0.754641
0.754663
0.754686
0.754709
0.754732
0.754754
0.754777
0.7548
0.754822
0.754845
0.754868
0.754891
0.754913
0.754936
0.754959
0.754982
0.755004
0.755027
0.75505
0.755072
0.755095
0.755118
0.755141
0.755163
0.755186
0.755209
0.755231
0.755254
0.755277
0.7553
0.755322
0.755345
0.755345
0.755366
0.755386
0.755407
0.755428
0.755448
0.755469
0.75549
0.75551
0.755531
0.755552
0.755572
0.755593
0.755613
0.755634
0.755655
0.755675
0.755696
0.755717
0.755737
0.755758
0.755779
0.755799
0.75582
0.755841
0.755861
0.755882
0.755903
0.755923
0.755944
0.755965
0.755985
0.756006
0.756027
0.756047
0.756068
0.756088
0.756109
0.75613
0.75615
0.756171
0.756192
0.756212
0.756233
0.756254
0.756274
0.756295
0.756295
0.756325
0.756354
0.756384
0.756413
0.756443
0.756472
0.756502
0.756531
0.756561
0.756591
0.75662
0.75665
0.756679
0.756709
0.756738
0.756768
0.756797
0.756827
0.756857
0.756886
0.756916
0.756945
0.756975
0.757004
0.757034
0.757063
0.757093
0.757123
0.757152
0.757182
0.757211
0.757241
0.75727
0.7573
0.757329
0.757359
0.757389
0.757418
0.757448
0.757477
0.757507
0.757536
0.757566
0.757595
0.757625
0.757625
0.757658
0.757691
0.757724
0.757757
0.75779
0.757823
0.757856
0.757889
0.757922
0.757955
0.757988
0.758021
0.758055
0.758088
0.758121
0.758154
0.758187
0.75822
0.758253
0.758286
0.758319
0.758352
0.758385
0.758418
0.758451
0.758484
0.758517
0.75855
0.758583
0.758616
0.758649
0.758682
0.758715
0.758748
0.758781
0.758815
0.758848
0.758881
0.758914
0.758947
0.75898
0.759013
0.759046
0.759079
0.759112
0.759145
0.759145
0.759182
0.759219
0.759256
0.759294
0.759331
0.759368
0.759405
0.759442
0.75948
0.759517
0.759554
0.759591
0.759628
0.759665
0.759703
0.75974
0.759777
0.759814
0.759851
0.759888
0.759926
0.759963
0.76
0.760037
0.760074
0.760112
0.760149
0.760186
0.760223
0.76026
0.760297
0.760335
0.760372
0.760409
0.760446
0.760483
0.76052
0.760558
0.760595
0.760632
0.760669
0.760706
0.760743
0.760781
0.760818
0.760855
0.760855
0.760878
0.7609
0.760923
0.760946
0.760969
0.760991
0.761014
0.761037
0.761059
0.761082
0.761105
0.761128
0.76115
0.761173
0.761196
0.761218
0.761241
0.761264
0.761287
0.761309
0.761332
0.761355
0.761377
0.7614
0.761423
0.761446
0.761468
0.761491
0.761514
0.761537
0.761559
0.761582
0.761605
0.761627
0.76165
0.761673
0.761696
0.761718
0.761741
0.761764
0.761786
0.761809
0.761832
0.761855
0.761877
0.7619
0.7619
0.761929
0.761958
0.761987
0.762016
0.762045
0.762073
0.762102
0.762131
0.76216
0.762189
0.762218
0.762247
0.762276
0.762305
0.762334
0.762363
0.762392
0.76242
0.762449
0.762478
0.762507
0.762536
0.762565
0.762594
0.762623
0.762652
0.762681
0.76271
0.762738
0.762767
0.762796
0.762825
0.762854
0.762883
0.762912
0.762941
0.76297
0.762999
0.763028
0.763057
0.763085
0.763114
0.763143
0.763172
0.763201
0.76323
0.76323
0.763246
0.763263
0.76328
0.763296
0.763313
0.763329
0.763346
0.763362
0.763379
0.763395
0.763412
0.763428
0.763445
0.763461
0.763478
0.763494
0.763511
0.763527
0.763544
0.76356
0.763577
0.763593
0.76361
0.763627
0.763643
0.76366
0.763676
0.763693
0.763709
0.763726
0.763742
0.763759
0.763775
0.763792
0.763808
0.763825
0.763841
0.763858
0.763874
0.763891
0.763907
0.763924
0.76394
0.763957
0.763973
0.76399
0.76399
0.764029
0.764068
0.764108
0.764147
0.764186
0.764225
0.764265
0.764304
0.764343
0.764382
0.764422
0.764461
0.7645
0.764539
0.764579
0.764618
0.764657
0.764696
0.764736
0.764775
0.764814
0.764853
0.764892
0.764932
0.764971
0.76501
0.765049
0.765089
0.765128
0.765167
0.765206
0.765246
0.765285
0.765324
0.765363
0.765403
0.765442
0.765481
0.76552
0.76556
0.765599
0.765638
0.765677
0.765716
0.765756
0.765795
0.765795
0.76583
0.765865
0.7659
0.765935
0.765971
0.766006
0.766041
0.766076
0.766111
0.766146
0.766181
0.766216
0.766251
0.766286
0.766322
0.766357
0.766392
0.766427
0.766462
0.766497
0.766532
0.766567
0.766603
0.766638
0.766673
0.766708
0.766743
0.766778
0.766813
0.766848
0.766883
0.766918
0.766954
0.766989
0.767024
0.767059
0.767094
0.767129
0.767164
0.767199
0.767234
0.76727
0.767305
0.76734
0.767375
0.76741
0.76741
0.767416
0.767423
0.767429
0.767435
0.767442
0.767448
0.767454
0.767461
0.767467
0.767473
0.76748
0.767486
0.767492
0.767499
0.767505
0.767511
0.767518
0.767524
0.76753
0.767537
0.767543
0.767549
0.767556
0.767562
0.767568
0.767575
0.767581
0.767587
0.767594
0.7676
0.767606
0.767613
0.767619
0.767625
0.767632
0.767638
0.767644
0.767651
0.767657
0.767663
0.76767
0.767676
0.767682
0.767689
0.767695
0.767695
0.767712
0.767728
0.767745
0.767761
0.767778
0.767794
0.767811
0.767827
0.767844
0.76786
0.767877
0.767893
0.76791
0.767926
0.767943
0.767959
0.767976
0.767992
0.768009
0.768025
0.768042
0.768058
0.768075
0.768092
0.768108
0.768125
0.768141
0.768158
0.768174
0.768191
0.768207
0.768224
0.76824
0.768257
0.768273
0.76829
0.768306
0.768323
0.768339
0.768356
0.768372
0.768389
0.768405
0.768422
0.768439
0.768455
0.768455
0.768465
0.768476
0.768486
0.768496
0.768507
0.768517
0.768527
0.768538
0.768548
0.768558
0.768569
0.768579
0.768589
0.7686
0.76861
0.76862
0.768631
0.768641
0.768651
0.768662
0.768672
0.768682
0.768692
0.768703
0.768713
0.768723
0.768734
0.768744
0.768754
0.768765
0.768775
0.768785
0.768796
0.768806
0.768816
0.768827
0.768837
0.768847
0.768858
0.768868
0.768878
0.768889
0.768899
0.768909
0.76892
0.76893
0.76893
0.768965
0.769
0.769035
0.76907
0.769106
0.769141
0.769176
0.769211
0.769246
0.769281
0.769316
0.769351
0.769386
0.769422
0.769457
0.769492
0.769527
0.769562
0.769597
0.769632
0.769667
0.769702
0.769737
0.769773
0.769808
0.769843
0.769878
0.769913
0.769948
0.769983
0.770018
0.770054
0.770089
0.770124
0.770159
0.770194
0.770229
0.770264
0.770299
0.770334
0.770369
0.770405
0.77044
0.770475
0.77051
0.770545
0.770545
0.770562
0.770578
0.770595
0.770611
0.770628
0.770644
0.770661
0.770677
0.770694
0.77071
0.770727
0.770743
0.77076
0.770776
0.770793
0.770809
0.770826
0.770842
0.770859
0.770875
0.770892
0.770908
0.770925
0.770942
0.770958
0.770975
0.770991
0.771008
0.771024
0.771041
0.771057
0.771074
0.77109
0.771107
0.771123
0.77114
0.771156
0.771173
0.771189
0.771206
0.771222
0.771239
0.771255
0.771272
0.771289
0.771305
0.771305
0.771324
0.771342
0.771361
0.771379
0.771398
0.771417
0.771435
0.771454
0.771472
0.771491
0.771509
0.771528
0.771547
0.771565
0.771584
0.771602
0.771621
0.77164
0.771658
0.771677
0.771695
0.771714
0.771733
0.771751
0.77177
0.771788
0.771807
0.771825
0.771844
0.771863
0.771881
0.7719
0.771918
0.771937
0.771956
0.771974
0.771993
0.772011
0.77203
0.772048
0.772067
0.772086
0.772104
0.772123
0.772141
0.77216
0.77216
0.772177
0.772193
0.77221
0.772226
0.772243
0.772259
0.772276
0.772292
0.772309
0.772325
0.772342
0.772358
0.772375
0.772391
0.772408
0.772424
0.772441
0.772457
0.772474
0.77249
0.772507
0.772523
0.77254
0.772557
0.772573
0.77259
0.772606
0.772623
0.772639
0.772656
0.772672
0.772689
0.772705
0.772722
0.772738
0.772755
0.772771
0.772788
0.772804
0.772821
0.772837
0.772854
0.77287
0.772887
0.772904
0.77292
0.77292
0.772947
0.772974
0.773001
0.773027
0.773054
0.773081
0.773108
0.773135
0.773162
0.773188
0.773215
0.773242
0.773269
0.773296
0.773323
0.77335
0.773376
0.773403
0.77343
0.773457
0.773484
0.773511
0.773538
0.773564
0.773591
0.773618
0.773645
0.773672
0.773699
0.773725
0.773752
0.773779
0.773806
0.773833
0.77386
0.773887
0.773913
0.77394
0.773967
0.773994
0.774021
0.774048
0.774074
0.774101
0.774128
0.774155
0.774155
0.774172
0.774189
0.774206
0.774222
0.774239
0.774256
0.774273
0.77429
0.774307
0.774324
0.774341
0.774358
0.774375
0.774391
0.774408
0.774425
0.774442
0.774459
0.774476
0.774493
0.77451
0.774527
0.774543
0.77456
0.774577
0.774594
0.774611
0.774628
0.774645
0.774662
0.774679
0.774695
0.774712
0.774729
0.774746
0.774763
0.77478
0.774797
0.774814
0.774831
0.774847
0.774864
0.774881
0.774898
0.774915
0.774915
0.774931
0.774948
0.774965
0.774981
0.774998
0.775014
0.775031
0.775047
0.775064
0.77508
0.775097
0.775113
0.77513
0.775146
0.775163
0.775179
0.775196
0.775212
0.775229
0.775245
0.775262
0.775278
0.775295
0.775312
0.775328
0.775345
0.775361
0.775378
0.775394
0.775411
0.775427
0.775444
0.77546
0.775477
0.775493
0.77551
0.775526
0.775543
0.775559
0.775576
0.775592
0.775609
0.775625
0.775642
0.775658
0.775675
0.775675
0.775698
0.77572
0.775743
0.775766
0.775789
0.775811
0.775834
0.775857
0.775879
0.775902
0.775925
0.775948
0.77597
0.775993
0.776016
0.776038
0.776061
0.776084
0.776107
0.776129
0.776152
0.776175
0.776197
0.77622
0.776243
0.776266
0.776288
0.776311
0.776334
0.776357
0.776379
0.776402
0.776425
0.776447
0.77647
0.776493
0.776516
0.776538
0.776561
0.776584
0.776606
0.776629
0.776652
0.776675
0.776697
0.77672
0.77672
0.776736
0.776753
0.77677
0.776786
0.776803
0.776819
0.776836
0.776852
0.776869
0.776885
0.776902
0.776918
0.776935
0.776951
0.776968
0.776984
0.777001
0.777017
0.777034
0.77705
0.777067
0.777083
0.7771
0.777117
0.777133
0.77715
0.777166
0.777183
0.777199
0.777216
0.777232
0.777249
0.777265
0.777282
0.777298
0.777315
0.777331
0.777348
0.777364
0.777381
0.777397
0.777414
0.77743
0.777447
0.777463
0.77748
0.77748
0.777494
0.777509
0.777523
0.777538
0.777552
0.777567
0.777581
0.777596
0.77761
0.777625
0.777639
0.777654
0.777668
0.777682
0.777697
0.777711
0.777726
0.77774
0.777755
0.777769
0.777784
0.777798
0.777812
0.777827
0.777841
0.777856
0.77787
0.777885
0.777899
0.777914
0.777928
0.777943
0.777957
0.777972
0.777986
0.778
0.778015
0.778029
0.778044
0.778058
0.778073
0.778087
0.778102
0.778116
0.778131
0.778145
0.778145
0.778168
0.77819
0.778213
0.778236
0.778259
0.778281
0.778304
0.778327
0.778349
0.778372
0.778395
0.778418
0.77844
0.778463
0.778486
0.778508
0.778531
0.778554
0.778577
0.778599
0.778622
0.778645
0.778668
0.77869
0.778713
0.778736
0.778758
0.778781
0.778804
0.778827
0.778849
0.778872
0.778895
0.778917
0.77894
0.778963
0.778986
0.779008
0.779031
0.779054
0.779076
0.779099
0.779122
0.779145
0.779167
0.77919
0.77919
0.779235
0.779281
0.779326
0.779372
0.779417
0.779463
0.779508
0.779553
0.779599
0.779644
0.77969
0.779735
0.779781
0.779826
0.779872
0.779917
0.779962
0.780008
0.780053
0.780099
0.780144
0.78019
0.780235
0.78028
0.780326
0.780371
0.780417
0.780462
0.780508
0.780553
0.780598
0.780644
0.780689
0.780735
0.78078
0.780826
0.780871
0.780917
0.780962
0.781007
0.781053
0.781098
0.781144
0.781189
0.781235
0.78128
0.78128
0.781284
0.781288
0.781292
0.781296
0.781301
0.781305
0.781309
0.781313
0.781317
0.781321
0.781325
0.78133
0.781334
0.781338
0.781342
0.781346
0.78135
0.781354
0.781358
0.781363
0.781367
0.781371
0.781375
0.781379
0.781383
0.781387
0.781392
0.781396
0.7814
0.781404
0.781408
0.781412
0.781416
0.78142
0.781425
0.781429
0.781433
0.781437
0.781441
0.781445
0.781449
0.781453
0.781458
0.781462
0.781466
0.78147
0.78147
0.781487
0.781504
0.781521
0.781538
0.781554
0.781571
0.781588
0.781605
0.781622
0.781639
0.781656
0.781673
0.78169
0.781706
0.781723
0.78174
0.781757
0.781774
0.781791
0.781808
0.781825
0.781842
0.781858
0.781875
0.781892
0.781909
0.781926
0.781943
0.78196
0.781977
0.781994
0.78201
0.782027
0.782044
0.782061
0.782078
0.782095
0.782112
0.782129
0.782146
0.782162
0.782179
0.782196
0.782213
0.78223
0.78223
0.782257
0.782284
0.782311
0.782337
0.782364
0.782391
0.782418
0.782445
0.782472
0.782498
0.782525
0.782552
0.782579
0.782606
0.782633
0.78266
0.782686
0.782713
0.78274
0.782767
0.782794
0.782821
0.782848
0.782874
0.782901
0.782928
0.782955
0.782982
0.783009
0.783035
0.783062
0.783089
0.783116
0.783143
0.78317
0.783197
0.783223
0.78325
0.783277
0.783304
0.783331
0.783358
0.783385
0.783411
0.783438
0.783465
0.783465
0.783488
0.78351
0.783533
0.783556
0.783579
0.783601
0.783624
0.783647
0.783669
0.783692
0.783715
0.783738
0.78376
0.783783
0.783806
0.783828
0.783851
0.783874
0.783897
0.783919
0.783942
0.783965
0.783988
0.78401
0.784033
0.784056
0.784078
0.784101
0.784124
0.784147
0.784169
0.784192
0.784215
0.784237
0.78426
0.784283
0.784306
0.784328
0.784351
0.784374
0.784396
0.784419
0.784442
0.784465
0.784487
0.78451
0.78451
0.784558
0.784605
0.784653
0.7847
0.784748
0.784795
0.784842
0.78489
0.784938
0.784985
0.785033
0.78508
0.785128
0.785175
0.785223
0.78527
0.785318
0.785365
0.785412
0.78546
0.785508
0.785555
0.785603
0.78565
0.785698
0.785745
0.785793
0.78584
0.785887
0.785935
0.785982
0.78603
0.786077
0.786125
0.786173
0.78622
0.786268
0.786315
0.786363
0.78641
0.786457
0.786505
0.786552
0.7866
0.786647
0.786695
0.786695
0.786753
0.786811
0.786869
0.786926
0.786984
0.787042
0.7871
0.787158
0.787215
0.787273
0.787331
0.787389
0.787447
0.787505
0.787562
0.78762
0.787678
0.787736
0.787794
0.787852
0.787909
0.787967
0.788025
0.788083
0.788141
0.788199
0.788256
0.788314
0.788372
0.78843
0.788488
0.788545
0.788603
0.788661
0.788719
0.788777
0.788835
0.788892
0.78895
0.789008
0.789066
0.789124
0.789182
0.789239
0.789297
0.789355
0.789355
0.789405
0.789454
0.789504
0.789553
0.789603
0.789652
0.789702
0.789752
0.789801
0.789851
0.7899
0.78995
0.789999
0.790049
0.790098
0.790148
0.790198
0.790247
0.790297
0.790346
0.790396
0.790445
0.790495
0.790545
0.790594
0.790644
0.790693
0.790743
0.790792
0.790842
0.790892
0.790941
0.790991
0.79104
0.79109
0.791139
0.791189
0.791238
0.791288
0.791338
0.791387
0.791437
0.791486
0.791536
0.791585
0.791635
0.791635
0.791672
0.791709
0.791746
0.791784
0.791821
0.791858
0.791895
0.791932
0.79197
0.792007
0.792044
0.792081
0.792118
0.792155
0.792193
0.79223
0.792267
0.792304
0.792341
0.792378
0.792416
0.792453
0.79249
0.792527
0.792564
0.792602
0.792639
0.792676
0.792713
0.79275
0.792787
0.792825
0.792862
0.792899
0.792936
0.792973
0.79301
0.793048
0.793085
0.793122
0.793159
0.793196
0.793233
0.793271
0.793308
0.793345
0.793345
0.79343
0.793514
0.793599
0.793684
0.793768
0.793853
0.793938
0.794022
0.794107
0.794192
0.794276
0.794361
0.794446
0.79453
0.794615
0.7947
0.794784
0.794869
0.794954
0.795038
0.795123
0.795208
0.795292
0.795377
0.795462
0.795547
0.795631
0.795716
0.795801
0.795885
0.79597
0.796055
0.796139
0.796224
0.796309
0.796393
0.796478
0.796563
0.796647
0.796732
0.796817
0.796901
0.796986
0.797071
0.797155
0.79724
0.79724
0.797308
0.797375
0.797443
0.79751
0.797578
0.797645
0.797713
0.79778
0.797848
0.797916
0.797983
0.798051
0.798118
0.798186
0.798253
0.798321
0.798388
0.798456
0.798524
0.798591
0.798659
0.798726
0.798794
0.798861
0.798929
0.798996
0.799064
0.799132
0.799199
0.799267
0.799334
0.799402
0.799469
0.799537
0.799604
0.799672
0.79974
0.799807
0.799875
0.799942
0.80001
0.800077
0.800145
0.800213
0.80028
0.80028
0.800387
0.800495
0.800602
0.80071
0.800817
0.800924
0.801032
0.801139
0.801247
0.801354
0.801461
0.801569
0.801676
0.801784
0.801891
0.801998
0.802106
0.802213
0.80232
0.802428
0.802535
0.802643
0.80275
0.802857
0.802965
0.803072
0.80318
0.803287
0.803394
0.803502
0.803609
0.803717
0.803824
0.803931
0.804039
0.804146
0.804254
0.804361
0.804468
0.804576
0.804683
0.80479
0.804898
0.805005
0.805113
0.80522
0.80522
0.80534
0.80546
0.805579
0.805699
0.805819
0.805939
0.806058
0.806178
0.806298
0.806418
0.806538
0.806657
0.806777
0.806897
0.807017
0.807137
0.807256
0.807376
0.807496
0.807616
0.807735
0.807855
0.807975
0.808095
0.808215
0.808334
0.808454
0.808574
0.808694
0.808813
0.808933
0.809053
0.809173
0.809293
0.809412
0.809532
0.809652
0.809772
0.809892
0.810011
0.810131
0.810251
0.810371
0.81049
0.81061
0.81073
0.81073
0.810775
0.810821
0.810866
0.810912
0.810957
0.811003
0.811048
0.811093
0.811139
0.811184
0.81123
0.811275
0.811321
0.811366
0.811411
0.811457
0.811502
0.811548
0.811593
0.811639
0.811684
0.81173
0.811775
0.81182
0.811866
0.811911
0.811957
0.812002
0.812048
0.812093
0.812138
0.812184
0.812229
0.812275
0.81232
0.812366
0.812411
0.812457
0.812502
0.812547
0.812593
0.812638
0.812684
0.812729
0.812775
0.81282
0.81282
0.812837
0.812853
0.81287
0.812886
0.812903
0.812919
0.812936
0.812952
0.812969
0.812985
0.813002
0.813018
0.813035
0.813051
0.813068
0.813084
0.813101
0.813117
0.813134
0.81315
0.813167
0.813183
0.8132
0.813217
0.813233
0.81325
0.813266
0.813283
0.813299
0.813316
0.813332
0.813349
0.813365
0.813382
0.813398
0.813415
0.813431
0.813448
0.813464
0.813481
0.813497
0.813514
0.81353
0.813547
0.813564
0.81358
0.81358
0.813613
0.813646
0.813679
0.813712
0.813745
0.813778
0.813811
0.813844
0.813877
0.81391
0.813944
0.813977
0.81401
0.814043
0.814076
0.814109
0.814142
0.814175
0.814208
0.814241
0.814274
0.814307
0.81434
0.814373
0.814406
0.814439
0.814472
0.814505
0.814538
0.814571
0.814604
0.814637
0.81467
0.814703
0.814736
0.81477
0.814803
0.814836
0.814869
0.814902
0.814935
0.814968
0.815001
0.815034
0.815067
0.8151
0.8151
0.815116
0.815133
0.81515
0.815166
0.815183
0.815199
0.815216
0.815232
0.815249
0.815265
0.815282
0.815298
0.815315
0.815331
0.815348
0.815364
0.815381
0.815397
0.815414
0.81543
0.815447
0.815463
0.81548
0.815497
0.815513
0.81553
0.815546
0.815563
0.815579
0.815596
0.815612
0.815629
0.815645
0.815662
0.815678
0.815695
0.815711
0.815728
0.815744
0.815761
0.815777
0.815794
0.81581
0.815827
0.815843
0.81586
0.81586
0.815897
0.815934
0.815971
0.816009
0.816046
0.816083
0.81612
0.816157
0.816195
0.816232
0.816269
0.816306
0.816343
0.81638
0.816418
0.816455
0.816492
0.816529
0.816566
0.816603
0.816641
0.816678
0.816715
0.816752
0.816789
0.816827
0.816864
0.816901
0.816938
0.816975
0.817012
0.81705
0.817087
0.817124
0.817161
0.817198
0.817235
0.817273
0.81731
0.817347
0.817384
0.817421
0.817458
0.817496
0.817533
0.81757
0.81757
0.81758
0.817591
0.817601
0.817611
0.817622
0.817632
0.817642
0.817653
0.817663
0.817673
0.817684
0.817694
0.817704
0.817715
0.817725
0.817735
0.817746
0.817756
0.817766
0.817777
0.817787
0.817797
0.817807
0.817818
0.817828
0.817838
0.817849
0.817859
0.817869
0.81788
0.81789
0.8179
0.817911
0.817921
0.817931
0.817942
0.817952
0.817962
0.817973
0.817983
0.817993
0.818004
0.818014
0.818024
0.818035
0.818045
0.818055
0.818066
0.818076
0.818086
0.818097
0.818107
0.818117
0.818128
0.818138
0.818148
0.818159
0.818169
0.818179
0.81819
0.8182
0.81821
0.818221
0.818231
0.818241
0.818251
0.818262
0.818272
0.818282
0.818293
0.818303
0.818313
0.818324
0.818334
0.818344
0.818355
0.818365
0.818375
0.818386
0.818396
0.818406
0.818417
0.818427
0.818437
0.818448
0.818458
0.818468
0.818479
0.818489
0.818499
0.81851
0.81852
0.81852
0.818557
0.818594
0.818632
0.818669
0.818706
0.818743
0.81878
0.818817
0.818855
0.818892
0.818929
0.818966
0.819003
0.81904
0.819078
0.819115
0.819152
0.819189
0.819226
0.819263
0.819301
0.819338
0.819375
0.819412
0.819449
0.819487
0.819524
0.819561
0.819598
0.819635
0.819672
0.81971
0.819747
0.819784
0.819821
0.819858
0.819895
0.819933
0.81997
0.820007
0.820044
0.820081
0.820118
0.820156
0.820193
0.82023
0.82023
0.820241
0.820252
0.820264
0.820275
0.820286
0.820297
0.820309
0.82032
0.820331
0.820342
0.820354
0.820365
0.820376
0.820387
0.820399
0.82041
0.820421
0.820432
0.820444
0.820455
0.820466
0.820477
0.820488
0.8205
0.820511
0.820522
0.820533
0.820545
0.820556
0.820567
0.820578
0.82059
0.820601
0.820612
0.820623
0.820635
0.820646
0.820657
0.820668
0.820679
0.820691
0.820702
0.820713
0.820724
0.820736
0.820747
0.820758
0.820769
0.820781
0.820792
0.820803
0.820814
0.820826
0.820837
0.820848
0.820859
0.82087
0.820882
0.820893
0.820904
0.820915
0.820927
0.820938
0.820949
0.82096
0.820972
0.820983
0.820994
0.821005
0.821017
0.821028
0.821039
0.82105
0.821061
0.821073
0.821084
0.821095
0.821106
0.821118
0.821129
0.82114
0.821151
0.821163
0.821174
0.821185
0.821196
0.821208
0.821219
0.82123
0.821241
0.821253
0.821264
0.821275
0.821275
0.821323
0.82137
0.821418
0.821465
0.821513
0.82156
0.821607
0.821655
0.821702
0.82175
0.821797
0.821845
0.821892
0.82194
0.821988
0.822035
0.822083
0.82213
0.822177
0.822225
0.822272
0.82232
0.822367
0.822415
0.822462
0.82251
0.822558
0.822605
0.822652
0.8227
0.822747
0.822795
0.822842
0.82289
0.822937
0.822985
0.823032
0.82308
0.823128
0.823175
0.823222
0.82327
0.823317
0.823365
0.823412
0.82346
0.82346
0.823483
0.823505
0.823528
0.823551
0.823574
0.823596
0.823619
0.823642
0.823664
0.823687
0.82371
0.823733
0.823755
0.823778
0.823801
0.823823
0.823846
0.823869
0.823892
0.823914
0.823937
0.82396
0.823982
0.824005
0.824028
0.824051
0.824073
0.824096
0.824119
0.824142
0.824164
0.824187
0.82421
0.824232
0.824255
0.824278
0.824301
0.824323
0.824346
0.824369
0.824391
0.824414
0.824437
0.82446
0.824482
0.824505
0.824505
0.824586
0.824666
0.824747
0.824827
0.824908
0.824988
0.825069
0.825149
0.82523
0.82531
0.825391
0.825472
0.825552
0.825633
0.825713
0.825794
0.825874
0.825955
0.826035
0.826116
0.826196
0.826277
0.826357
0.826438
0.826519
0.826599
0.82668
0.82676
0.826841
0.826921
0.827002
0.827082
0.827163
0.827244
0.827324
0.827405
0.827485
0.827566
0.827646
0.827727
0.827807
0.827888
0.827968
0.828049
0.828129
0.82821
0.82821
0.828301
0.828392
0.828482
0.828573
0.828664
0.828755
0.828845
0.828936
0.829027
0.829118
0.829209
0.829299
0.82939
0.829481
0.829572
0.829662
0.829753
0.829844
0.829935
0.830026
0.830116
0.830207
0.830298
0.830389
0.830479
0.83057
0.830661
0.830752
0.830843
0.830933
0.831024
0.831115
0.831206
0.831296
0.831387
0.831478
0.831569
0.83166
0.83175
0.831841
0.831932
0.832023
0.832113
0.832204
0.832295
0.832295
0.832334
0.832373
0.832413
0.832452
0.832491
0.83253
0.83257
0.832609
0.832648
0.832687
0.832727
0.832766
0.832805
0.832844
0.832884
0.832923
0.832962
0.833001
0.833041
0.83308
0.833119
0.833158
0.833197
0.833237
0.833276
0.833315
0.833354
0.833394
0.833433
0.833472
0.833511
0.833551
0.83359
0.833629
0.833668
0.833708
0.833747
0.833786
0.833825
0.833865
0.833904
0.833943
0.833982
0.834022
0.834061
0.8341
0.8341
0.834176
0.834253
0.834329
0.834406
0.834482
0.834558
0.834635
0.834711
0.834788
0.834864
0.834941
0.835017
0.835093
0.83517
0.835246
0.835323
0.835399
0.835475
0.835552
0.835628
0.835705
0.835781
0.835858
0.835934
0.83601
0.836087
0.836163
0.83624
0.836316
0.836392
0.836469
0.836545
0.836622
0.836698
0.836774
0.836851
0.836927
0.837004
0.83708
0.837156
0.837233
0.837309
0.837386
0.837462
0.837539
0.837615
0.837615
0.837654
0.837693
0.837733
0.837772
0.837811
0.83785
0.83789
0.837929
0.837968
0.838007
0.838047
0.838086
0.838125
0.838164
0.838204
0.838243
0.838282
0.838321
0.838361
0.8384
0.838439
0.838478
0.838517
0.838557
0.838596
0.838635
0.838674
0.838714
0.838753
0.838792
0.838831
0.838871
0.83891
0.838949
0.838988
0.839028
0.839067
0.839106
0.839145
0.839185
0.839224
0.839263
0.839302
0.839342
0.839381
0.83942
0.83942
0.839465
0.839511
0.839556
0.839602
0.839647
0.839693
0.839738
0.839783
0.839829
0.839874
0.83992
0.839965
0.840011
0.840056
0.840102
0.840147
0.840192
0.840238
0.840283
0.840329
0.840374
0.84042
0.840465
0.84051
0.840556
0.840601
0.840647
0.840692
0.840738
0.840783
0.840828
0.840874
0.840919
0.840965
0.84101
0.841056
0.841101
0.841147
0.841192
0.841237
0.841283
0.841328
0.841374
0.841419
0.841465
0.84151
0.84151
0.841567
0.841624
0.841681
0.841738
0.841795
0.841852
0.841909
0.841966
0.842023
0.84208
0.842137
0.842194
0.842251
0.842308
0.842365
0.842422
0.842479
0.842536
0.842593
0.84265
0.842707
0.842764
0.842821
0.842878
0.842935
0.842992
0.843049
0.843106
0.843163
0.84322
0.843277
0.843334
0.843391
0.843448
0.843505
0.843562
0.843619
0.843676
0.843733
0.84379
0.843847
0.843904
0.843961
0.844018
0.844075
0.844132
0.844189
0.844246
0.844303
0.84436
0.844417
0.844474
0.844531
0.844588
0.844645
0.844702
0.844759
0.844816
0.844873
0.84493
0.844987
0.845044
0.845101
0.845158
0.845215
0.845272
0.845329
0.845386
0.845443
0.8455
0.845557
0.845614
0.845671
0.845728
0.845785
0.845842
0.845899
0.845956
0.846013
0.84607
0.846127
0.846184
0.846241
0.846298
0.846355
0.846412
0.846469
0.846526
0.846583
0.84664
0.846697
0.846754
0.846811
0.846868
0.846925
0.846982
0.847039
0.847096
0.847153
0.84721
0.847267
0.847324
0.847381
0.847438
0.847495
0.847552
0.847609
0.847666
0.847723
0.84778
0.847837
0.847894
0.847951
0.848008
0.848065
0.848122
0.848179
0.848236
0.848293
0.84835
0.848407
0.848464
0.848521
0.848578
0.848635
0.848692
0.848749
0.848806
0.848863
0.84892
0.848977
0.849034
0.849091
0.849148
0.849205
0.849262
0.849319
0.849376
0.849433
0.84949
0.84949
0.849773
0.850056
0.850339
0.850622
0.850904
0.851187
0.85147
0.851753
0.852036
0.852319
0.852602
0.852885
0.853168
0.85345
0.853733
0.854016
0.854299
0.854582
0.854865
0.855148
0.855431
0.855714
0.855996
0.856279
0.856562
0.856845
0.857128
0.857411
0.857694
0.857977
0.85826
0.858542
0.858825
0.859108
0.859391
0.859674
0.859957
0.86024
0.860523
0.860806
0.861088
0.861371
0.861654
0.861937
0.86222
0.86222
0.862277
0.862334
0.862392
0.862449
0.862506
0.862563
0.86262
0.862678
0.862735
0.862792
0.862849
0.862906
0.862964
0.863021
0.863078
0.863135
0.863192
0.86325
0.863307
0.863364
0.863421
0.863478
0.863536
0.863593
0.86365
0.863707
0.863765
0.863822
0.863879
0.863936
0.863993
0.864051
0.864108
0.864165
0.864222
0.864279
0.864337
0.864394
0.864451
0.864508
0.864565
0.864623
0.86468
0.864737
0.864794
0.864851
0.864909
0.864966
0.865023
0.86508
0.865137
0.865195
0.865252
0.865309
0.865366
0.865423
0.865481
0.865538
0.865595
0.865652
0.865709
0.865767
0.865824
0.865881
0.865938
0.865995
0.866053
0.86611
0.866167
0.866224
0.866282
0.866339
0.866396
0.866453
0.86651
0.866568
0.866625
0.866682
0.866739
0.866796
0.866854
0.866911
0.866968
0.867025
0.867082
0.86714
0.867197
0.867254
0.867311
0.867368
0.867426
0.867483
0.86754
0.86754
0.867556
0.867573
0.867589
0.867605
0.867621
0.867638
0.867654
0.86767
0.867686
0.867703
0.867719
0.867735
0.867751
0.867768
0.867784
0.8678
0.867817
0.867833
0.867849
0.867865
0.867882
0.867898
0.867914
0.86793
0.867947
0.867963
0.867979
0.867996
0.868012
0.868028
0.868044
0.868061
0.868077
0.868093
0.868109
0.868126
0.868142
0.868158
0.868174
0.868191
0.868207
0.868223
0.86824
0.868256
0.868272
0.868288
0.868305
0.868321
0.868337
0.868353
0.86837
0.868386
0.868402
0.868419
0.868435
0.868451
0.868467
0.868484
0.8685
0.868516
0.868532
0.868549
0.868565
0.868581
0.868598
0.868614
0.86863
0.868646
0.868663
0.868679
0.868695
0.868711
0.868728
0.868744
0.86876
0.868776
0.868793
0.868809
0.868825
0.868842
0.868858
0.868874
0.86889
0.868907
0.868923
0.868939
0.868955
0.868972
0.868988
0.869004
0.869021
0.869037
0.869053
0.869069
0.869086
0.869102
0.869118
0.869134
0.869151
0.869167
0.869183
0.869199
0.869216
0.869232
0.869248
0.869265
0.869281
0.869297
0.869313
0.86933
0.869346
0.869362
0.869378
0.869395
0.869411
0.869427
0.869443
0.86946
0.869476
0.869492
0.869509
0.869525
0.869541
0.869557
0.869574
0.86959
0.869606
0.869622
0.869639
0.869655
0.869671
0.869688
0.869704
0.86972
0.869736
0.869753
0.869769
0.869785
0.869801
0.869818
0.869834
0.86985
0.869866
0.869883
0.869899
0.869915
0.869932
0.869948
0.869964
0.86998
0.869997
0.870013
0.870029
0.870045
0.870062
0.870078
0.870094
0.870111
0.870127
0.870143
0.870159
0.870176
0.870192
0.870208
0.870224
0.870241
0.870257
0.870273
0.87029
0.870306
0.870322
0.870338
0.870355
0.870371
0.870387
0.870403
0.87042
0.870436
0.870452
0.870468
0.870485
0.870501
0.870517
0.870534
0.87055
0.870566
0.870582
0.870599
0.870615
0.870631
0.870647
0.870664
0.87068
0.870696
0.870712
0.870729
0.870745
0.870761
0.870778
0.870794
0.87081
0.870826
0.870843
0.870859
0.870875
0.870891
0.870908
0.870924
0.87094
0.870957
0.870973
0.870989
0.871005
0.871022
0.871038
0.871054
0.87107
0.871087
0.871103
0.871119
0.871135
0.871152
0.871168
0.871184
0.871201
0.871217
0.871233
0.871249
0.871266
0.871282
0.871298
0.871314
0.871331
0.871347
0.871363
0.871379
0.871396
0.871412
0.871428
0.871445
0.871461
0.871477
0.871493
0.87151
0.871526
0.871542
0.871558
0.871575
0.871591
0.871607
0.871624
0.87164
0.871656
0.871672
0.871689
0.871705
0.871721
0.871737
0.871754
0.87177
0.871786
0.871803
0.871819
0.871835
0.871851
0.871868
0.871884
0.8719
0.871916
0.871933
0.871949
0.871965
0.871982
0.871998
0.872014
0.87203
0.872047
0.872063
0.872079
0.872095
0.872112
0.872128
0.872144
0.87216
0.872177
0.872193
0.872209
0.872226
0.872242
0.872258
0.872274
0.872291
0.872307
0.872323
0.872339
0.872356
0.872372
0.872388
0.872404
0.872421
0.872437
0.872453
0.87247
0.872486
0.872502
0.872518
0.872535
0.872551
0.872567
0.872583
0.8726
0.872616
0.872632
0.872649
0.872665
0.872681
0.872697
0.872714
0.87273
0.872746
0.872762
0.872779
0.872795
0.872811
0.872827
0.872844
0.87286
0.87286
0.873135
0.873409
0.873684
0.873958
0.874233
0.874507
0.874782
0.875056
0.875331
0.875605
0.87588
0.876154
0.876429
0.876703
0.876978
0.877252
0.877527
0.877801
0.878076
0.87835
0.878625
0.878899
0.879174
0.879448
0.879723
0.879997
0.880272
0.880547
0.880821
0.881096
0.88137
0.881645
0.881919
0.882194
0.882468
0.882743
0.883017
0.883292
0.883566
0.883841
0.884115
0.88439
0.884664
0.884939
0.885213
0.885488
0.885762
0.886037
0.886311
0.886586
0.88686
0.887135
0.88741
0.887684
0.887959
0.888233
0.888508
0.888782
0.889057
0.889331
0.889606
0.88988
0.890155
0.890429
0.890704
0.890978
0.891253
0.891527
0.891802
0.892076
0.892351
0.892625
0.8929
0.893174
0.893449
0.893723
0.893998
0.894273
0.894547
0.894822
0.895096
0.895371
0.895645
0.89592
0.896194
0.896469
0.896743
0.897018
0.897292
0.897567
0.897841
0.898116
0.89839
0.898665
0.898939
0.899214
0.899488
0.899763
0.900037
0.900312
0.900586
0.900861
0.901136
0.90141
0.901685
0.901959
0.902234
0.902508
0.902783
0.903057
0.903332
0.903606
0.903881
0.904155
0.90443
0.904704
0.904979
0.905253
0.905528
0.905802
0.906077
0.906351
0.906626
0.9069
0.907175
0.907449
0.907724
0.907999
0.908273
0.908548
0.908822
0.909097
0.909371
0.909646
0.90992
0.910195
0.910469
0.910744
0.911018
0.911293
0.911567
0.911842
0.912116
0.912391
0.912665
0.91294
0.913214
0.913489
0.913763
0.914038
0.914312
0.914587
0.914862
0.915136
0.915411
0.915685
0.91596
0.916234
0.916509
0.916783
0.917058
0.917332
0.917607
0.917881
0.918156
0.91843
0.918705
0.918979
0.919254
0.919528
0.919803
0.920077
0.920352
0.920626
0.920901
0.921175
0.92145
0.921724
0.921999
0.922274
0.922548
0.922823
0.923097
0.923372
0.923646
0.923921
0.924195
0.92447
0.924744
0.925019
0.925293
0.925568
0.925842
0.926117
0.926391
0.926666
0.92694
0.927215
0.927489
0.927764
0.928038
0.928313
0.928587
0.928862
0.929137
0.929411
0.929686
0.92996
0.930235
0.930509
0.930784
0.931058
0.931333
0.931607
0.931882
0.932156
0.932431
0.932705
0.93298
0.933254
0.933529
0.933803
0.934078
0.934352
0.934627
0.934901
0.935176
0.93545
0.935725
0.936
0.936274
0.936549
0.936823
0.937098
0.937372
0.937647
0.937921
0.938196
0.93847
0.938745
0.939019
0.939294
0.939568
0.939843
0.940117
0.940392
0.940666
0.940941
0.941215
0.94149
0.941764
0.942039
0.942313
0.942588
0.942863
0.943137
0.943412
0.943686
0.943961
0.944235
0.94451
0.944784
0.945059
0.945333
0.945608
0.945882
0.946157
0.946431
0.946706
0.94698
0.947255
0.947529
0.947804
0.948078
0.948353
0.948627
0.948902
0.949176
0.949451
0.949725
0.95
0.95
0.95002
0.95004
0.95006
0.95008
0.9501
0.95012
0.95014
0.95016
0.95018
0.9502
0.95022
0.95024
0.95026
0.95028
0.9503
0.95032
0.95034
0.95036
0.95038
0.9504
0.95042
0.95044
0.95046
0.95048
0.9505
0.95052
0.95054
0.95056
0.95058
0.9506
0.95062
0.95064
0.95066
0.95068
0.9507
0.95072
0.95074
0.95076
0.95078
0.9508
0.95082
0.95084
0.95086
0.95088
0.9509
0.95092
0.95094
0.95096
0.95098
0.951
0.95102
0.95104
0.95106
0.95108
0.9511
0.95112
0.95114
0.95116
0.95118
0.9512
0.95122
0.95124
0.95126
0.95128
0.9513
0.95132
0.95134
0.95136
0.95138
0.9514
0.95142
0.95144
0.95146
0.95148
0.9515
0.95152
0.95154
0.95156
0.95158
0.9516
0.95162
0.95164
0.95166
0.95168
0.9517
0.95172
0.95174
0.95176
0.95178
0.9518
0.95182
0.95184
0.95186
0.95188
0.9519
0.95192
0.95194
0.95196
0.95198
0.952
0.95202
0.95204
0.95206
0.95208
0.9521
0.95212
0.95214
0.95216
0.95218
0.9522
0.95222
0.95224
0.95226
0.95228
0.9523
0.95232
0.95234
0.95236
0.95238
0.9524
0.95242
0.95244
0.95246
0.95248
0.9525
0.95252
0.95254
0.95256
0.95258
0.9526
0.95262
0.95264
0.95266
0.95268
0.9527
0.95272
0.95274
0.95276
0.95278
0.9528
0.95282
0.95284
0.95286
0.95288
0.9529
0.95292
0.95294
0.95296
0.95298
0.953
0.95302
0.95304
0.95306
0.95308
0.9531
0.95312
0.95314
0.95316
0.95318
0.9532
0.95322
0.95324
0.95326
0.95328
0.9533
0.95332
0.95334
0.95336
0.95338
0.9534
0.95342
0.95344
0.95346
0.95348
0.9535
0.95352
0.95354
0.95356
0.95358
0.9536
0.95362
0.95364
0.95366
0.95368
0.9537
0.95372
0.95374
0.95376
0.95378
0.9538
0.95382
0.95384
0.95386
0.95388
0.9539
0.95392
0.95394
0.95396
0.95398
0.954
0.95402
0.95404
0.95406
0.95408
0.9541
0.95412
0.95414
0.95416
0.95418
0.9542
0.95422
0.95424
0.95426
0.95428
0.9543
0.95432
0.95434
0.95436
0.95438
0.9544
0.95442
0.95444
0.95446
0.95448
0.9545
0.95452
0.95454
0.95456
0.95458
0.9546
0.95462
0.95464
0.95466
0.95468
0.9547
0.95472
0.95474
0.95476
0.95478
0.9548
0.95482
0.95484
0.95486
0.95488
0.9549
0.95492
0.95494
0.95496
0.95498
0.955
0.95502
0.95504
0.95506
0.95508
0.9551
0.95512
0.95514
0.95516
0.95518
0.9552
0.95522
0.95524
0.95526
0.95528
0.9553
0.95532
0.95534
0.95536
0.95538
0.9554
0.95542
0.95544
0.95546
0.95548
0.9555
0.95552
0.95554
0.95556
0.95558
0.9556
0.95562
0.95564
0.95566
0.95568
0.9557
0.95572
0.95574
0.95576
0.95578
0.9558
0.95582
0.95584
0.95586
0.95588
0.9559
0.95592
0.95594
0.95596
0.95598
0.956
0.95602
0.95604
0.95606
0.95608
0.9561
0.95612
0.95614
0.95616
0.95618
0.9562
0.95622
0.95624
0.95626
0.95628
0.9563
0.95632
0.95634
0.95636
0.95638
0.9564
0.95642
0.95644
0.95646
0.95648
0.9565
0.95652
0.95654
0.95656
0.95658
0.9566
0.95662
0.95664
0.95666
0.95668
0.9567
0.95672
0.95674
0.95676
0.95678
0.9568
0.95682
0.95684
0.95686
0.95688
0.9569
0.95692
0.95694
0.95696
0.95698
0.957
0.95702
0.95704
0.95706
0.95708
0.9571
0.95712
0.95714
0.95716
0.95718
0.9572
0.95722
0.95724
0.95726
0.95728
0.9573
0.95732
0.95734
0.95736
0.95738
0.9574
0.95742
0.95744
0.95746
0.95748
0.9575
0.95752
0.95754
0.95756
0.95758
0.9576
0.95762
0.95764
0.95766
0.95768
0.9577
0.95772
0.95774
0.95776
0.95778
0.9578
0.95782
0.95784
0.95786
0.95788
0.9579
0.95792
0.95794
0.95796
0.95798
0.958
0.95802
0.95804
0.95806
0.95808
0.9581
0.95812
0.95814
0.95816
0.95818
0.9582
0.95822
0.95824
0.95826
0.95828
0.9583
0.95832
0.95834
0.95836
0.95838
0.9584
0.95842
0.95844
0.95846
0.95848
0.9585
0.95852
0.95854
0.95856
0.95858
0.9586
0.95862
0.95864
0.95866
0.95868
0.9587
0.95872
0.95874
0.95876
0.95878
0.9588
0.95882
0.95884
0.95886
0.95888
0.9589
0.95892
0.95894
0.95896
0.95898
0.959
0.95902
0.95904
0.95906
0.95908
0.9591
0.95912
0.95914
0.95916
0.95918
0.9592
0.95922
0.95924
0.95926
0.95928
0.9593
0.95932
0.95934
0.95936
0.95938
0.9594
0.95942
0.95944
0.95946
0.95948
0.9595
0.95952
0.95954
0.95956
0.95958
0.9596
0.95962
0.95964
0.95966
0.95968
0.9597
0.95972
0.95974
0.95976
0.95978
0.9598
0.95982
0.95984
0.95986
0.95988
0.9599
0.95992
0.95994
0.95996
0.95998
