0.958616
0.0355584
0.01
0.01
0.01
0.01
0.01
0.01
0.01
0.01
0.01
0.01
0.01
0.01
0.01
0.01
0.01
0.01
0.01
0.01
0.01
0.01
0.01
0.01
0.01
0.01
0.01
0.01
0.01
0.01
0.01
0.01
0.01
0.01
0.01
0.01
0.01
0.01
0.01
0.01
0.01
0.01
0.01
0.01
0.01
0.01
0.01
0.01
0.01
0.01
0.01
0.01
0.01
0.01
0.01
0.01
0.01
0.01
0.01
0.01
0.01
0.01
0.01
0.01
0.01
0.01
0.01
0.01
0.01
0.01
0.01
0.01
0.01
0.01
0.01
0.01
0.01
0.01
0.01
0.01
0.01
0.01
0.01
0.01
0.01
0.01
0.01
0.01
0.01
0.0100365
0.0101532
0.0102699
0.0103866
0.0105033
0.01062
0.0107367
0.0108534
0.0109701
0.0110868
0.0112035
0.0113202
0.0114369
0.0115536
0.0116703
0.011787
0.0119037
0.0120205
0.0121372
0.0122539
0.0123706
0.0124873
0.012604
0.0127207
0.0128374
0.0129541
0.0130708
0.0131875
0.0133042
0.0134209
0.0135376
0.0136543
0.013771
0.0138877
0.0140044
0.0141211
0.0142378
0.0143545
0.0144712
0.0145879
0.0147046
0.0148213
0.014938
0.0150547
0.0151714
0.0152881
0.0154048
0.0155216
0.0156383
0.015755
0.0158717
0.0159884
0.0161051
0.0162218
0.0163385
0.0164552
0.0165719
0.0166886
0.0168053
0.016922
0.0170387
0.0171554
0.0172721
0.0173888
0.0175055
0.0176222
0.0177389
0.0178556
0.0179723
0.018089
0.0182057
0.0183224
0.0184391
0.0185558
0.0186725
0.0187892
0.018906
0.0190227
0.0191394
0.0192561
0.0193728
0.0194895
0.0196062
0.0197229
0.0198396
0.0199563
0.020073
0.0201897
0.0203064
0.0204231
0.0205398
0.0206565
0.0207732
0.0208899
0.0210066
0.0211233
0.02124
0.0213567
0.0214734
0.0215901
0.0217068
0.0218235
0.0219402
0.0220569
0.0221736
0.0222904
0.0224071
0.0225238
0.0226405
0.0227572
0.0228739
0.0229906
0.0231073
0.023224
0.0233407
0.0234574
0.0235741
0.0236908
0.0238075
0.0239242
0.0240409
0.0241576
0.0242743
0.024391
0.0245077
0.0246244
0.0247411
0.0248578
0.0249745
0.0250912
0.0252079
0.0253246
0.0254413
0.025558
0.0256747
0.0257915
0.0259082
0.0260249
0.0261416
0.0262583
0.026375
0.0264917
0.0266084
0.0267251
0.0268418
0.0269585
0.0270752
0.0271919
0.0273086
0.0274253
0.027542
0.0276587
0.0277754
0.0278921
0.0280088
0.0281255
0.0282422
0.0283589
0.0284756
0.0285923
0.028709
0.0288257
0.0289424
0.0290591
0.0291758
0.0292926
0.0294093
0.029526
0.0296427
0.0297594
0.0298761
0.0299928
0.0301095
0.0302262
0.0303429
0.0304596
0.0305763
0.030693
0.0308097
0.0309264
0.0310431
0.0311598
0.0312765
0.0313932
0.0315099
0.0316266
0.0317433
0.03186
0.0319767
0.0320934
0.0322101
0.0323268
0.0324435
0.0325602
0.032677
0.0327937
0.0329104
0.0330271
0.0331438
0.0332605
0.0333772
0.0334939
0.0336106
0.0337273
0.033844
0.0339607
0.0340774
0.0341941
0.0343108
0.0344275
0.0345442
0.0346609
0.0347776
0.0348943
0.035011
0.0351277
0.0352444
0.0353611
0.0354778
0.0355945
0.0357112
0.0358279
0.0359446
0.0360614
0.0361781
0.0362948
0.0364115
0.0365282
0.0366449
0.0367616
0.0368783
0.036995
0.0371117
0.0372284
0.0373451
0.0374618
0.0375785
0.0376952
0.0378119
0.0379286
0.0380453
0.038162
0.0382787
0.0383954
0.0385121
0.0386288
0.0387455
0.0388622
0.0389789
0.0390956
0.0392123
0.039329
0.0394458
0.0395625
0.0396792
0.0397959
0.0399126
0.0400293
0.040146
0.0402627
0.0403794
0.0404961
0.0406128
0.0407295
0.0408462
0.0409629
0.0410796
0.0411963
0.041313
0.0414297
0.0415464
0.0416631
0.0417798
0.0418965
0.0420132
0.0421299
0.0422466
0.0423633
0.04248
0.0425967
0.0427134
0.0428301
0.0429469
0.0430636
0.0431803
0.043297
0.0434137
0.0435304
0.0436471
0.0437638
0.0438805
0.0439972
0.0441139
0.0442306
0.0443473
0.044464
0.0445807
0.0446974
0.0448141
0.0449308
0.0450475
0.0451642
0.0452809
0.0453976
0.0455143
0.045631
0.0457477
0.0458644
0.0459811
0.0460978
0.0462145
0.0463312
0.046448
0.0465647
0.0466814
0.0467981
0.0469148
0.0470315
0.0471482
0.0472649
0.0473816
0.0474983
0.047615
0.0477317
0.0478484
0.0479651
0.0480818
0.0481985
0.0483152
0.0484319
0.0485486
0.0486653
0.048782
0.0488987
0.0490154
0.0491321
0.0492488
0.0493655
0.0494822
0.0495989
0.0497156
0.0498324
0.0499491
0.0500658
0.0501825
0.0502992
0.0504159
0.0505326
0.0506493
0.050766
0.0508827
0.0509994
0.0511161
0.0512328
0.0513495
0.0514662
0.0515829
0.0516996
0.0518163
0.051933
0.0520497
0.0521664
0.0522831
0.0523998
0.0525165
0.0526332
0.0527499
0.0528666
0.0529833
0.0531
0.0532168
0.0533335
0.0534502
0.0535669
0.0536836
0.0538003
0.053917
0.0540337
0.0541504
0.0542671
0.0543838
0.0545005
0.0546172
0.0547339
0.0548506
0.0549673
0.055084
0.0552007
0.0553174
0.0554341
0.0555508
0.0556675
0.0557842
0.0559009
0.0560176
0.0561343
0.056251
0.0563677
0.0564844
0.0566011
0.0567179
0.0568346
0.0569513
0.057068
0.0571847
0.0573014
0.0574181
0.0575348
0.0576515
0.0577682
0.0578849
0.0580016
0.0581183
0.058235
0.058235
0.061028
0.063821
0.066614
0.069407
0.0722
0.0722
0.0726275
0.073055
0.0734825
0.07391
0.0743375
0.074765
0.0751925
0.07562
0.0760475
0.076475
0.0769025
0.07733
0.0777575
0.078185
0.0786125
0.07904
0.0794675
0.079895
0.0803225
0.08075
0.08075
0.083885
0.08702
0.08702
0.0871994
0.0873789
0.0875583
0.0877378
0.0879172
0.0880967
0.0882761
0.0884556
0.088635
0.0888144
0.0889939
0.0891733
0.0893528
0.0895322
0.0897117
0.0898911
0.0900706
0.09025
0.0904294
0.0906089
0.0907883
0.0909678
0.0911472
0.0913267
0.0915061
0.0916855
0.091865
0.091865
0.0922364
0.0926077
0.0929791
0.0933505
0.0937218
0.0940932
0.0944645
0.0948359
0.0952073
0.0955786
0.09595
0.09595
0.09614
0.09633
0.09652
0.09671
0.0969
0.09709
0.09728
0.09747
0.09766
0.09785
0.09804
0.09823
0.09842
0.09861
0.0988
0.09899
0.09918
0.09937
0.09937
0.0996038
0.0998377
0.100072
0.100305
0.100539
0.100773
0.101007
0.101241
0.101475
0.101708
0.101942
0.102176
0.10241
0.10241
0.10374
0.10507
0.10507
0.106305
0.10754
0.10754
0.107904
0.108268
0.108633
0.108997
0.109361
0.109725
0.109725
0.110723
0.11172
0.11172
0.113525
0.11533
0.11533
0.1159
0.11647
0.11704
0.11704
0.117574
0.118109
0.118643
0.119178
0.119712
0.120246
0.120781
0.121315
0.121315
0.121417
0.12152
0.121622
0.121724
0.121827
0.121929
0.122031
0.122133
0.122236
0.122338
0.12244
0.122543
0.122645
0.122645
0.122892
0.123139
0.123386
0.123633
0.12388
0.12502
0.12502
0.12521
0.1254
0.12559
0.12578
0.12597
0.12616
0.12616
0.126508
0.126857
0.127205
0.127205
0.127902
0.128598
0.129295
0.130245
0.130245
0.130562
0.130878
0.131195
0.131195
0.13148
0.131765
0.13205
0.132905
0.132905
0.133027
0.133149
0.133271
0.133394
0.133516
0.133638
0.13376
0.134615
0.135375
0.135375
0.135755
0.136135
0.136135
0.136388
0.136642
0.136895
0.13756
0.13756
0.13832
0.13832
0.138985
0.138985
0.13965
0.13965
0.140315
0.140315
0.140481
0.140648
0.140814
0.14098
0.14098
0.141122
0.141265
0.141408
0.14155
0.143355
0.143355
0.143469
0.143583
0.143697
0.143811
0.143925
0.143925
0.144305
0.144685
0.145065
0.145065
0.145223
0.145382
0.14554
0.14611
0.14611
0.14706
0.14706
0.14763
0.148105
0.14858
0.14858
0.149055
0.14953
0.14953
0.149796
0.150062
0.150328
0.150594
0.15086
0.151335
0.151335
0.151715
0.15219
0.15219
0.152266
0.152342
0.152418
0.152494
0.15257
0.15295
0.15295
0.153378
0.153805
0.154565
0.154565
0.154945
0.155325
0.155705
0.155705
0.1558
0.155895
0.15599
0.156085
0.156085
0.15637
0.15637
0.15675
0.158175
0.15846
0.15846
0.15884
0.15884
0.159157
0.159473
0.15979
0.160075
0.160075
0.160455
0.160455
0.16055
0.160645
0.16074
0.16074
0.161025
0.16131
0.16169
0.16169
0.161975
0.16283
0.16283
0.1634
0.16397
0.16397
0.164255
0.165015
0.165015
0.165157
0.1653
0.1653
0.165442
0.165585
0.16606
0.16682
0.16682
0.167105
0.16739
0.167865
0.167865
0.168245
0.168625
0.169005
0.169005
0.16948
0.169955
0.169955
0.170018
0.170082
0.170145
0.170145
0.170288
0.17043
0.17043
0.170493
0.170557
0.17062
0.17062
0.17081
0.171475
0.171475
0.171522
0.17157
0.171617
0.171665
0.171665
0.17176
0.171855
0.17195
0.17214
0.17214
0.172203
0.172267
0.17233
0.17252
0.17271
0.17271
0.1729
0.173375
0.173375
0.173565
0.173565
0.173692
0.173818
0.173945
0.173945
0.17404
0.174135
0.174135
0.174515
0.174515
0.174705
0.174895
0.174895
0.175085
0.175655
0.175655
0.176415
0.176605
0.176605
0.176985
0.176985
0.177042
0.177099
0.177156
0.177213
0.17727
0.17727
0.17746
0.17765
0.17784
0.17822
0.17898
0.17898
0.179027
0.179075
0.179122
0.17917
0.179645
0.179645
0.179708
0.179772
0.179835
0.179835
0.180025
0.180025
0.18012
0.180215
0.18031
0.1805
0.180785
0.18107
0.18145
0.181925
0.181925
0.181949
0.181973
0.181996
0.18202
0.18202
0.18221
0.18221
0.182352
0.182495
0.18259
0.18259
0.18278
0.183065
0.183065
0.183255
0.183255
0.183398
0.18354
0.18354
0.183635
0.183635
0.183825
0.183825
0.183968
0.18411
0.184395
0.18449
0.18449
0.18506
0.18506
0.185084
0.185107
0.185131
0.185155
0.185155
0.18544
0.18544
0.185915
0.185915
0.18601
0.186295
0.186485
0.186485
0.186675
0.186675
0.186817
0.18696
0.187055
0.187055
0.18715
0.187245
0.18734
0.187435
0.18753
0.18753
0.187815
0.188195
0.18829
0.188575
0.188765
0.18905
0.189145
0.18924
0.18924
0.18943
0.18943
0.18962
0.18962
0.189691
0.189763
0.189834
0.189905
0.19
0.190095
0.190095
0.190119
0.190143
0.190166
0.19019
0.19019
0.190333
0.190475
0.19057
0.190665
0.19095
0.19095
0.190982
0.191013
0.191045
0.191235
0.19152
0.1919
0.1919
0.191995
0.191995
0.19209
0.192185
0.19228
0.192375
0.19247
0.192945
0.193135
0.193135
0.193325
0.193515
0.19361
0.19361
0.193705
0.19399
0.19399
0.19418
0.194275
0.194275
0.194513
0.19475
0.194845
0.194845
0.19494
0.19513
0.19513
0.195415
0.19551
0.195605
0.195605
0.195795
0.196365
0.19646
0.196555
0.196745
0.19684
0.19684
0.196888
0.196935
0.19703
0.197125
0.19722
0.19722
0.197315
0.19741
0.1976
0.19779
0.19779
0.197885
0.19798
0.19817
0.19817
0.19836
0.198455
0.19893
0.19912
0.19912
0.199215
0.199215
0.1995
0.1995
0.199642
0.199785
0.199975
0.200165
0.20026
0.200355
0.20045
0.20045
0.200482
0.200513
0.200545
0.200545
0.20064
0.20064
0.201305
0.201305
0.201353
0.2014
0.2014
0.201495
0.201495
0.20159
0.201685
0.201685
0.20178
0.20197
0.20216
0.20216
0.202255
0.202255
0.202445
0.20254
0.202635
0.20273
0.202825
0.202825
0.203015
0.203205
0.203395
0.20349
0.20368
0.203775
0.203775
0.203791
0.203807
0.203822
0.203838
0.203854
0.20387
0.203965
0.20406
0.204155
0.20425
0.204345
0.204535
0.204535
0.205105
0.2052
0.205295
0.20539
0.20539
0.205485
0.205675
0.205865
0.205865
0.206055
0.206055
0.20615
0.20653
0.206625
0.20672
0.207005
0.2071
0.207195
0.207385
0.207385
0.20748
0.207575
0.207575
0.207765
0.207955
0.208145
0.208145
0.208177
0.208208
0.20824
0.208335
0.20843
0.20881
0.20881
0.208905
0.209
0.209
0.209095
0.20938
0.20957
0.20957
0.209665
0.20976
0.20976
0.209855
0.20995
0.20995
0.21014
0.210235
0.21052
0.21071
0.210805
0.21128
0.211375
0.211375
0.21166
0.21166
0.21185
0.21185
0.211945
0.211945
0.211993
0.21204
0.212135
0.212135
0.21242
0.21261
0.212705
0.212705
0.212895
0.212895
0.213085
0.21318
0.21318
0.213275
0.213655
0.21375
0.21375
0.213797
0.213845
0.213892
0.21394
0.214035
0.214035
0.214178
0.21432
0.214415
0.21451
0.214605
0.2147
0.2147
0.214747
0.214795
0.214795
0.214842
0.21489
0.21489
0.215033
0.215175
0.215175
0.21527
0.215365
0.215365
0.21546
0.215555
0.21565
0.21603
0.216125
0.216125
0.216173
0.21622
0.21622
0.216315
0.216315
0.21641
0.21641
0.216505
0.216695
0.216885
0.216885
0.21698
0.217075
0.217265
0.21736
0.21736
0.217503
0.217645
0.21774
0.217835
0.21812
0.218215
0.21831
0.218405
0.2185
0.2185
0.218595
0.21869
0.218785
0.21888
0.21907
0.219165
0.219165
0.21926
0.21926
0.219355
0.219355
0.21945
0.219735
0.219925
0.220305
0.220305
0.2204
0.220495
0.22059
0.220685
0.22097
0.22097
0.221065
0.221065
0.22135
0.22135
0.221445
0.221445
0.221492
0.22154
0.221635
0.22173
0.22173
0.221825
0.221825
0.222015
0.22211
0.222395
0.22249
0.22249
0.222585
0.222775
0.22287
0.222965
0.22306
0.22306
0.22325
0.22344
0.22344
0.223535
0.223535
0.223583
0.22363
0.22382
0.22382
0.223915
0.223915
0.224105
0.224105
0.224295
0.224295
0.22439
0.22439
0.225055
0.225435
0.225435
0.225482
0.22553
0.22572
0.22572
0.225767
0.225815
0.226005
0.226005
0.226052
0.2261
0.226195
0.22648
0.22648
0.226575
0.22667
0.22667
0.226765
0.226765
0.22686
0.226955
0.227145
0.227145
0.22724
0.22724
0.227525
0.22762
0.227715
0.22781
0.227905
0.228
0.22819
0.228285
0.22838
0.22838
0.22857
0.228665
0.22876
0.22876
0.228855
0.22895
0.229045
0.22933
0.22971
0.2299
0.2299
0.229995
0.230185
0.230375
0.23047
0.23047
0.230518
0.230565
0.230565
0.23066
0.23066
0.23085
0.230945
0.23104
0.23104
0.231135
0.23123
0.23123
0.23142
0.231515
0.231515
0.23161
0.2318
0.231895
0.231895
0.23199
0.23199
0.232037
0.232085
0.23218
0.232275
0.232275
0.23237
0.232465
0.232655
0.232845
0.232845
0.23294
0.23313
0.23351
0.233605
0.233795
0.23408
0.234175
0.23427
0.234365
0.234365
0.23446
0.234555
0.23465
0.234745
0.234745
0.234793
0.23484
0.234935
0.234935
0.23503
0.235125
0.23541
0.2356
0.23579
0.235885
0.236265
0.236265
0.23636
0.23636
0.236455
0.23655
0.23655
0.236645
0.23674
0.236835
0.237025
0.23712
0.237215
0.237215
0.237405
0.237595
0.237595
0.23769
0.237785
0.237785
0.23807
0.23807
0.238165
0.238355
0.238355
0.23845
0.23845
0.238545
0.23864
0.238735
0.238735
0.23883
0.238925
0.238925
0.23902
0.239115
0.23921
0.239305
0.2394
0.2394
0.239495
0.239495
0.23959
0.239685
0.23997
0.240065
0.24035
0.240445
0.24054
0.240635
0.240635
0.24073
0.24092
0.24111
0.241205
0.241205
0.241268
0.241332
0.241395
0.241395
0.241585
0.24168
0.241775
0.24187
0.24206
0.242155
0.24225
0.24225
0.242298
0.242345
0.24263
0.24263
0.242725
0.242915
0.24301
0.243105
0.2432
0.2432
0.243248
0.243295
0.24339
0.24339
0.24358
0.243675
0.243675
0.24377
0.243865
0.244055
0.244055
0.244103
0.24415
0.244245
0.24434
0.244625
0.244815
0.24491
0.2451
0.245195
0.245195
0.245385
0.24548
0.245575
0.245575
0.245765
0.24586
0.245955
0.245955
0.24605
0.24624
0.246335
0.24643
0.24643
0.246525
0.246525
0.24662
0.246715
0.24681
0.247
0.24719
0.247285
0.24757
0.247665
0.24776
0.24776
0.247855
0.24795
0.24795
0.248045
0.248045
0.24814
0.24814
0.248235
0.24833
0.24833
0.24852
0.24871
0.24871
0.248757
0.248805
0.248805
0.248995
0.249185
0.24928
0.24928
0.24947
0.249565
0.24966
0.249755
0.24985
0.25004
0.25004
0.250072
0.250103
0.250135
0.25023
0.250325
0.25042
0.25042
0.250515
0.250515
0.25061
0.250705
0.250705
0.2508
0.25099
0.25118
0.25118
0.25137
0.251465
0.25175
0.25175
0.251845
0.252035
0.25232
0.25232
0.252367
0.252415
0.25251
0.252605
0.252605
0.252652
0.2527
0.252795
0.25289
0.25308
0.25308
0.253175
0.253365
0.25346
0.253555
0.25365
0.253745
0.253745
0.25384
0.253935
0.25403
0.254125
0.254125
0.25422
0.25422
0.254315
0.254315
0.25441
0.254505
0.2546
0.254695
0.25479
0.254885
0.254885
0.255075
0.255265
0.255265
0.25536
0.255455
0.255455
0.25555
0.255645
0.255645
0.25574
0.255835
0.25593
0.256025
0.25612
0.25631
0.256405
0.256595
0.256595
0.256785
0.25688
0.256975
0.25707
0.257165
0.257165
0.25726
0.25726
0.257355
0.25745
0.257545
0.25764
0.25764
0.25783
0.257925
0.25802
0.26695
0.267045
0.267045
0.26714
0.267235
0.267235
0.26733
0.267425
0.26752
0.26752
0.267615
0.26771
0.26771
0.267805
0.2679
0.2679
0.26809
0.268185
0.26828
0.268375
0.268375
0.26847
0.268755
0.26885
0.26885
0.268945
0.268945
0.26904
0.269135
0.269135
0.26923
0.26923
0.26942
0.26942
0.269515
0.26961
0.26961
0.269705
0.2698
0.269895
0.269895
0.26999
0.26999
0.270085
0.27018
0.27018
0.270275
0.270465
0.270465
0.27056
0.270655
0.27075
0.27094
0.271035
0.27113
0.271225
0.271225
0.27132
0.27132
0.271415
0.271605
0.271605
0.271653
0.2717
0.271795
0.27189
0.27208
0.272175
0.27227
0.272365
0.27246
0.272555
0.272555
0.27265
0.272745
0.27284
0.272935
0.272935
0.27303
0.27322
0.27341
0.27341
0.273458
0.273505
0.273505
0.273695
0.273885
0.27398
0.274075
0.27417
0.27436
0.274455
0.274455
0.27455
0.27455
0.274645
0.27474
0.27474
0.274835
0.274835
0.27493
0.27493
0.275025
0.27512
0.275215
0.275215
0.275405
0.275405
0.2755
0.275595
0.275595
0.27569
0.275785
0.27588
0.27588
0.275975
0.27607
0.27607
0.27626
0.276355
0.27645
0.276545
0.276545
0.27664
0.276735
0.27683
0.27683
0.276925
0.276925
0.27721
0.27721
0.277305
0.2774
0.2774
0.277495
0.27759
0.277685
0.277685
0.27778
0.277875
0.27797
0.27797
0.278065
0.278255
0.27835
0.278445
0.27854
0.278635
0.27873
0.278825
0.278825
0.27892
0.279015
0.279015
0.27911
0.279205
0.2793
0.279395
0.27949
0.27949
0.279585
0.27968
0.279775
0.279775
0.27987
0.279965
0.28006
0.280155
0.28025
0.28025
0.280297
0.280345
0.280535
0.28063
0.280725
0.28082
0.280915
0.28101
0.281105
0.2812
0.281295
0.28139
0.281485
0.28158
0.281675
0.281675
0.28177
0.281865
0.28196
0.282055
0.28215
0.28215
0.28234
0.282435
0.28253
0.282625
0.28272
0.282815
0.282815
0.28291
0.283005
0.283005
0.2831
0.283195
0.28329
0.28329
0.283385
0.283385
0.28348
0.28348
0.283575
0.28367
0.283765
0.28386
0.28386
0.28405
0.28405
0.284145
0.28424
0.284335
0.284335
0.28443
0.284525
0.284525
0.284715
0.28481
0.284905
0.284905
0.285
0.285095
0.28519
0.285285
0.285285
0.28538
0.28557
0.28557
0.28576
0.28576
0.285807
0.285855
0.28595
0.286045
0.286045
0.28614
0.28614
0.286235
0.28633
0.28633
0.286425
0.28652
0.286615
0.286615
0.28671
0.2869
0.2869
0.28709
0.28728
0.28728
0.287375
0.28747
0.287565
0.28766
0.28766
0.287755
0.287755
0.28785
0.287945
0.28804
0.288135
0.28823
0.28823
0.28842
0.28842
0.288515
0.28861
0.288705
0.2888
0.288895
0.28899
0.28899
0.289085
0.28918
0.289275
0.28937
0.289465
0.28956
0.28975
0.28994
0.28994
0.290035
0.29013
0.29013
0.290225
0.29032
0.290415
0.29051
0.29051
0.2907
0.2907
0.290795
0.29089
0.290985
0.29108
0.291175
0.29127
0.291365
0.29146
0.291555
0.29165
0.291745
0.29184
0.291935
0.29203
0.292125
0.29222
0.29222
0.29241
0.292505
0.2926
0.292695
0.292695
0.292885
0.29298
0.29298
0.293075
0.293075
0.29317
0.293265
0.29336
0.29336
0.293455
0.29355
0.29355
0.293645
0.29374
0.293835
0.29393
0.294025
0.294215
0.29431
0.29431
0.294405
0.294405
0.2945
0.294595
0.29469
0.294785
0.29488
0.294975
0.29507
0.29507
0.29526
0.29526
0.295355
0.29545
0.295545
0.295735
0.29583
0.29602
0.296115
0.29621
0.296305
0.2964
0.296495
0.29659
0.29659
0.296685
0.296685
0.296875
0.29697
0.29697
0.29716
0.297255
0.297255
0.29735
0.297445
0.29754
0.297635
0.297825
0.29792
0.298015
0.29811
0.298205
0.2983
0.298395
0.29849
0.29849
0.298585
0.298775
0.29887
0.298965
0.29906
0.299155
0.29925
0.299345
0.29944
0.299535
0.299535
0.29963
0.299725
0.299915
0.299915
0.30001
0.300105
0.300295
0.300295
0.30039
0.300485
0.300485
0.300675
0.30077
0.30077
0.30096
0.301055
0.30115
0.301245
0.30134
0.301435
0.30153
0.30153
0.301815
0.30191
0.302005
0.302005
0.3021
0.302195
0.302195
0.30229
0.30248
0.302575
0.30267
0.302765
0.30286
0.302955
0.302955
0.30305
0.303145
0.303335
0.303335
0.303383
0.30343
0.303525
0.30362
0.303715
0.303715
0.30381
0.303905
0.304
0.304095
0.30419
0.30419
0.30438
0.304475
0.304475
0.30457
0.30457
0.304665
0.30476
0.30495
0.305045
0.30514
0.30514
0.305235
0.30533
0.305425
0.30552
0.305615
0.305615
0.305805
0.305805
0.3059
0.305995
0.30609
0.30609
0.30628
0.30647
0.306565
0.30666
0.30685
0.306945
0.30704
0.307135
0.30723
0.30742
0.30742
0.307468
0.307515
0.307515
0.307705
0.3078
0.3078
0.307895
0.307895
0.30799
0.308085
0.30818
0.308275
0.308465
0.308465
0.30856
0.308655
0.308845
0.308845
0.30894
0.30894
0.30913
0.309225
0.309415
0.30951
0.309605
0.3097
0.309795
0.309985
0.309985
0.31008
0.31008
0.31027
0.310365
0.31046
0.310555
0.31065
0.310745
0.31084
0.310935
0.31103
0.311125
0.31122
0.311315
0.31141
0.311505
0.3116
0.3116
0.311695
0.311695
0.31179
0.31198
0.312075
0.31217
0.312265
0.31236
0.312455
0.312455
0.312645
0.312645
0.31274
0.312835
0.31293
0.313025
0.313025
0.313215
0.31331
0.31331
0.3135
0.313595
0.31369
0.313785
0.31388
0.313975
0.31407
0.314165
0.314165
0.31426
0.314355
0.31445
0.314545
0.31464
0.31464
0.314735
0.314925
0.315115
0.31521
0.315305
0.3154
0.3154
0.315495
0.31559
0.315685
0.31578
0.31578
0.315875
0.31597
0.316065
0.316065
0.316255
0.316255
0.31635
0.316445
0.31654
0.316635
0.316825
0.31692
0.317015
0.31711
0.3173
0.317395
0.31749
0.317585
0.31768
0.317775
0.31787
0.317965
0.31806
0.318155
0.318155
0.318345
0.318345
0.31844
0.31844
0.318535
0.31863
0.31863
0.318725
0.318915
0.31901
0.31901
0.3192
0.319295
0.319295
0.31939
0.319485
0.31958
0.319675
0.31977
0.319865
0.31996
0.320055
0.32015
0.320245
0.32034
0.320435
0.32053
0.32053
0.320625
0.32072
0.32091
0.32091
0.321005
0.321005
0.3211
0.32129
0.321385
0.32148
0.321575
0.32167
0.32167
0.32186
0.32186
0.32205
0.322145
0.322335
0.32243
0.322525
0.32262
0.322715
0.322715
0.322762
0.32281
0.322905
0.323
0.323095
0.32319
0.323285
0.32338
0.323475
0.32357
0.32376
0.32376
0.323855
0.32395
0.324045
0.32414
0.324235
0.32433
0.324425
0.32452
0.32452
0.324615
0.324615
0.32471
0.324805
0.324805
0.3249
0.324995
0.32509
0.325185
0.32528
0.325375
0.325375
0.32547
0.325565
0.32566
0.325755
0.32585
0.325945
0.32604
0.326135
0.326135
0.32623
0.326325
0.32642
0.326515
0.326705
0.3268
0.326895
0.32699
0.327085
0.32718
0.32718
0.327275
0.327465
0.327465
0.327655
0.327655
0.327845
0.32794
0.328035
0.328035
0.328225
0.32832
0.328415
0.328415
0.32851
0.3287
0.3287
0.32889
0.32889
0.328985
0.32908
0.329175
0.32927
0.329365
0.329365
0.32946
0.329555
0.32965
0.329745
0.329935
0.330125
0.330125
0.330315
0.33041
0.330505
0.3306
0.330695
0.33079
0.330885
0.330885
0.33098
0.331075
0.331075
0.33117
0.331265
0.33136
0.33155
0.33155
0.331645
0.33174
0.331835
0.33193
0.332025
0.33212
0.33212
0.332215
0.33231
0.3325
0.332595
0.33269
0.33269
0.332785
0.33288
0.332975
0.33307
0.333165
0.33326
0.333355
0.33345
0.333545
0.33364
0.33364
0.333735
0.33383
0.333925
0.33402
0.334115
0.33421
0.334305
0.334305
0.3344
0.334495
0.33459
0.334685
0.33478
0.334875
0.334875
0.33497
0.335065
0.33516
0.33535
0.33535
0.335445
0.33554
0.33573
0.335825
0.335825
0.336015
0.33611
0.336205
0.3363
0.3363
0.336395
0.33649
0.336585
0.336775
0.33687
0.336965
0.33706
0.337155
0.337155
0.337202
0.33725
0.33744
0.337535
0.33763
0.337725
0.337725
0.33782
0.337915
0.337915
0.33801
0.338105
0.3382
0.338295
0.33839
0.338485
0.33858
0.338675
0.33877
0.338865
0.33896
0.339055
0.339055
0.33915
0.339245
0.339245
0.33934
0.339435
0.33953
0.339625
0.339625
0.33972
0.339815
0.33991
0.340005
0.3401
0.340195
0.340195
0.340385
0.340385
0.34048
0.340575
0.340765
0.340765
0.34086
0.340955
0.340955
0.34105
0.341145
0.34124
0.341335
0.34143
0.341525
0.34162
0.341715
0.34181
0.341905
0.342
0.34219
0.342285
0.34238
0.342475
0.342475
0.342665
0.342665
0.34276
0.342855
0.342855
0.34295
0.34314
0.34314
0.343235
0.34333
0.343425
0.34352
0.34352
0.343615
0.34371
0.343805
0.3439
0.343995
0.34409
0.34409
0.34428
0.344375
0.344375
0.34447
0.344565
0.34466
0.344755
0.34485
0.344945
0.344945
0.34504
0.345135
0.34523
0.345325
0.34542
0.345515
0.34561
0.34561
0.345705
0.3458
0.3458
0.345895
0.346085
0.34618
0.346275
0.34637
0.34637
0.346465
0.34656
0.34656
0.346655
0.346845
0.347035
0.347035
0.34713
0.347225
0.34732
0.347415
0.34751
0.347605
0.3477
0.34789
0.347985
0.34808
0.348175
0.348175
0.34827
0.348365
0.34846
0.348555
0.348555
0.34865
0.348745
0.348745
0.34884
0.348935
0.34903
0.349125
0.34922
0.349315
0.349315
0.34941
0.349505
0.3496
0.349695
0.349695
0.34979
0.349885
0.34998
0.350075
0.350075
0.35017
0.350265
0.350265
0.350455
0.35055
0.350645
0.350645
0.35074
0.350835
0.350835
0.351025
0.351025
0.35112
0.351215
0.35131
0.35131
0.351405
0.3515
0.351595
0.35169
0.351785
0.351785
0.35188
0.351975
0.35207
0.352165
0.35226
0.352355
0.352545
0.35264
0.35283
0.352925
0.352925
0.35302
0.35321
0.353305
0.353305
0.353495
0.35359
0.35359
0.353685
0.35378
0.35378
0.353875
0.35397
0.354065
0.354065
0.35416
0.354255
0.35435
0.354445
0.35454
0.354635
0.35473
0.354825
0.354825
0.35492
0.355015
0.35511
0.355205
0.3553
0.3553
0.355395
0.35549
0.355585
0.35568
0.35568
0.355775
0.35587
0.35587
0.355965
0.35606
0.35625
0.356345
0.356345
0.35644
0.356535
0.35663
0.35663
0.356725
0.356915
0.356915
0.35701
0.357105
0.357105
0.357295
0.357295
0.35739
0.357485
0.35758
0.357675
0.35777
0.35796
0.358055
0.35815
0.358245
0.35834
0.35853
0.35853
0.35872
0.35872
0.358815
0.35891
0.359005
0.3591
0.359195
0.359195
0.35929
0.359385
0.35948
0.359575
0.35967
0.359765
0.35986
0.359955
0.36005
0.360145
0.360145
0.36024
0.360335
0.36043
0.36043
0.360525
0.36062
0.36062
0.360715
0.36081
0.36081
0.360905
0.361095
0.361095
0.36119
0.361285
0.36138
0.36138
0.361475
0.361475
0.361665
0.36176
0.361855
0.36195
0.36195
0.362045
0.36214
0.36214
0.36233
0.36233
0.36252
0.36252
0.362615
0.362805
0.362805
0.3629
0.362995
0.36309
0.363185
0.36328
0.363375
0.36347
0.363565
0.363755
0.363755
0.36385
0.363945
0.36404
0.364135
0.36423
0.36423
0.364325
0.36442
0.364515
0.36461
0.364705
0.3648
0.364895
0.36499
0.365085
0.365085
0.36518
0.365275
0.365275
0.36537
0.365465
0.36556
0.36556
0.365655
0.36575
0.365845
0.365845
0.36594
0.366035
0.36613
0.366225
0.36632
0.36632
0.366415
0.36651
0.366605
0.366605
0.3667
0.366795
0.36689
0.366985
0.36708
0.36708
0.367175
0.36727
0.367365
0.36746
0.367555
0.36765
0.36765
0.367745
0.36784
0.367935
0.36803
0.368125
0.36822
0.368315
0.36841
0.3686
0.368695
0.368695
0.36879
0.36879
0.36898
0.36898
0.369075
0.36917
0.369265
0.369265
0.36936
0.369455
0.36955
0.369645
0.369645
0.36974
0.369835
0.369835
0.36993
0.370025
0.370025
0.370215
0.37031
0.37031
0.370405
0.3705
0.3705
0.370595
0.37069
0.37069
0.370785
0.37088
0.370975
0.37107
0.37107
0.371165
0.37126
0.371355
0.37145
0.37145
0.37164
0.37164
0.37183
0.37183
0.371925
0.37202
0.372115
0.37221
0.37221
0.372305
0.372495
0.372495
0.37259
0.372685
0.37278
0.372875
0.37297
0.373065
0.37316
0.373255
0.37335
0.373445
0.37354
0.37354
0.373635
0.37373
0.373825
0.373825
0.37392
0.374015
0.37411
0.374205
0.374205
0.3743
0.374395
0.37449
0.37449
0.374537
0.374585
0.37468
0.374775
0.374775
0.37487
0.374965
0.374965
0.37506
0.375155
0.37525
0.37525
0.375345
0.37544
0.375535
0.37563
0.375725
0.37582
0.375915
0.375915
0.37601
0.376105
0.3762
0.376295
0.37639
0.37639
0.376485
0.37658
0.37677
0.37677
0.376865
0.37696
0.37696
0.377055
0.37715
0.37734
0.377435
0.37753
0.377625
0.377625
0.37772
0.377815
0.37791
0.37791
0.378005
0.3781
0.378195
0.37829
0.37829
0.378385
0.37848
0.378575
0.37867
0.37867
0.378765
0.378765
0.37886
0.378955
0.37905
0.379145
0.379145
0.37924
0.379335
0.37943
0.37943
0.379525
0.37962
0.379715
0.37981
0.379905
0.379905
0.38
0.380095
0.38019
0.380285
0.380285
0.38038
0.380475
0.38057
0.380665
0.38076
0.380855
0.38095
0.381045
0.38114
0.38114
0.381235
0.381235
0.38133
0.381425
0.38152
0.381615
0.38171
0.38171
0.381805
0.3819
0.3819
0.381995
0.38209
0.382185
0.38228
0.382375
0.38247
0.382565
0.382565
0.38266
0.382755
0.382755
0.38285
0.382945
0.382945
0.38304
0.383135
0.38323
0.383325
0.38342
0.383515
0.38361
0.383705
0.3838
0.3838
0.383895
0.38399
0.384085
0.38418
0.384275
0.38437
0.384465
0.38456
0.384655
0.384655
0.38475
0.384845
0.38494
0.385035
0.385035
0.38513
0.385225
0.38532
0.38532
0.385415
0.38551
0.385605
0.385605
0.3857
0.385795
0.38589
0.385985
0.38608
0.38608
0.386175
0.38627
0.38627
0.386365
0.38646
0.38646
0.386555
0.38665
0.386745
0.386745
0.38684
0.386935
0.386935
0.38703
0.387125
0.38722
0.38722
0.387315
0.38741
0.387505
0.3876
0.3876
0.38779
0.38779
0.38798
0.38798
0.388075
0.388075
0.38817
0.38817
0.388265
0.38836
0.388455
0.38855
0.388645
0.38874
0.388835
0.388835
0.38893
0.389025
0.38912
0.389215
0.38931
0.38931
0.389405
0.3895
0.389595
0.389595
0.38969
0.389785
0.389785
0.389832
0.38988
0.389975
0.39007
0.39007
0.390165
0.390165
0.390355
0.390355
0.39045
0.390545
0.39064
0.390735
0.390735
0.39083
0.390925
0.39102
0.391115
0.391115
0.39121
0.391305
0.3914
0.391495
0.39159
0.391685
0.391685
0.39178
0.39178
0.391875
0.39197
0.39197
0.392065
0.39216
0.39216
0.392255
0.39235
0.392445
0.39254
0.392635
0.39273
0.39273
0.392825
0.392825
0.39292
0.393015
0.39311
0.393205
0.393205
0.3933
0.3933
0.393395
0.39349
0.393585
0.39368
0.39368
0.393775
0.39387
0.393965
0.39406
0.394155
0.394155
0.39425
0.394345
0.39444
0.394535
0.394535
0.39463
0.394725
0.39482
0.39482
0.394915
0.39501
0.39501
0.395105
0.3952
0.395295
0.395295
0.39539
0.395485
0.395485
0.39558
0.39558
0.395675
0.39577
0.395865
0.39596
0.396055
0.396055
0.39615
0.396245
0.396245
0.39634
0.39634
0.396435
0.39653
0.396625
0.39672
0.396815
0.396815
0.39691
0.397005
0.3971
0.3971
0.397195
0.39729
0.397385
0.39748
0.39748
0.397575
0.39767
0.39767
0.397765
0.39786
0.397955
0.397955
0.39805
0.398145
0.398145
0.39824
0.398335
0.39843
0.398525
0.398525
0.398573
0.39862
0.398715
0.398715
0.39881
0.39881
0.398905
0.399
0.399095
0.39919
0.399285
0.399285
0.39938
0.399475
0.399475
0.399665
0.399665
0.39976
0.399855
0.39995
0.39995
0.400045
0.400045
0.400235
0.400235
0.40033
0.400425
0.40052
0.400615
0.400615
0.40071
0.40071
0.400805
0.400805
0.4009
0.400995
0.400995
0.401185
0.401185
0.40128
0.401375
0.40147
0.40147
0.401565
0.40166
0.40166
0.401755
0.40185
0.401945
0.40204
0.40204
0.402135
0.40223
0.402325
0.402325
0.40242
0.402515
0.402515
0.402705
0.402705
0.4028
0.402895
0.402895
0.40299
0.403085
0.40318
0.40318
0.403275
0.40337
0.40337
0.403465
0.403465
0.40356
0.40356
0.403655
0.40375
0.403845
0.40394
0.40394
0.404035
0.40413
0.40413
0.404225
0.40432
0.40432
0.404415
0.40451
0.40451
0.404605
0.4047
0.404795
0.404795
0.40489
0.404985
0.405175
0.405175
0.40527
0.40527
0.405365
0.40546
0.40546
0.405555
0.40565
0.405745
0.405745
0.40584
0.405935
0.40603
0.406125
0.406125
0.40622
0.406315
0.406315
0.40641
0.406505
0.406505
0.4066
0.4066
0.406695
0.40679
0.40679
0.406885
0.40698
0.407075
0.407075
0.40717
0.407265
0.407265
0.40736
0.407455
0.407455
0.40755
0.407645
0.40774
0.40774
0.407835
0.40793
0.40793
0.408025
0.40812
0.40812
0.408215
0.40831
0.408405
0.408405
0.4085
0.408595
0.408595
0.40869
0.408785
0.408785
0.40888
0.408975
0.40907
0.409165
0.409165
0.40926
0.409355
0.409355
0.40945
0.409545
0.409545
0.40964
0.409735
0.40983
0.40983
0.409925
0.409925
0.41002
0.410115
0.41021
0.410305
0.410305
0.4104
0.410495
0.41059
0.41059
0.410685
0.41078
0.410875
0.410875
0.41097
0.41097
0.411065
0.41116
0.41116
0.411255
0.41135
0.411445
0.411445
0.41154
0.41154
0.411635
0.41173
0.41173
0.411825
0.411825
0.41192
0.412015
0.41211
0.412205
0.412205
0.4123
0.412395
0.41249
0.41249
0.412585
0.412585
0.41268
0.412775
0.412775
0.41287
0.412965
0.41306
0.41306
0.413155
0.41325
0.41325
0.413345
0.41344
0.413535
0.41363
0.413725
0.413725
0.41382
0.41382
0.413915
0.41401
0.41401
0.414105
0.4142
0.4142
0.414295
0.41439
0.414485
0.414485
0.41458
0.414675
0.41477
0.41477
0.414865
0.41496
0.41496
0.415055
0.415055
0.41515
0.415245
0.41534
0.41534
0.415435
0.41553
0.41553
0.415625
0.41572
0.415815
0.41591
0.416005
0.416005
0.4161
0.416195
0.416195
0.41629
0.41629
0.416385
0.41648
0.41648
0.416575
0.41667
0.416765
0.41686
0.41686
0.416955
0.41705
0.417145
0.417145
0.41724
0.41724
0.417335
0.41743
0.41743
0.417525
0.41762
0.41762
0.417715
0.41781
0.417905
0.418
0.418095
0.418095
0.41819
0.418285
0.41838
0.41838
0.418475
0.41857
0.41857
0.418665
0.41876
0.418855
0.418855
0.41895
0.41895
0.419045
0.41914
0.419235
0.419235
0.41933
0.41933
0.419425
0.419425
0.41952
0.419615
0.41971
0.41971
0.419805
0.4199
0.4199
0.419995
0.42009
0.420185
0.42028
0.42028
0.420375
0.42047
0.42047
0.420565
0.420565
0.42066
0.42066
0.420755
0.42085
0.42085
0.420945
0.420945
0.42104
0.421135
0.421135
0.42123
0.42123
0.421325
0.421325
0.42142
0.421515
0.421515
0.42161
0.421705
0.4218
0.4218
0.421895
0.42199
0.42199
0.422085
0.42218
0.422275
0.42237
0.42237
0.422465
0.42256
0.422655
0.422655
0.42275
0.422845
0.422845
0.42294
0.423035
0.42313
0.42313
0.423225
0.423225
0.42332
0.423415
0.423415
0.42351
0.423605
0.4237
0.4237
0.423795
0.423795
0.42389
0.423985
0.423985
0.42408
0.424175
0.424175
0.424222
0.42427
0.424365
0.42446
0.42446
0.424555
0.42465
0.424745
0.42484
0.424935
0.424935
0.424982
0.42503
0.42503
0.42522
0.425315
0.425315
0.425362
0.42541
0.425505
0.425505
0.425552
0.4256
0.425695
0.42579
0.42579
0.425885
0.42598
0.42598
0.426075
0.426075
0.42617
0.426265
0.42636
0.426455
0.426455
0.42655
0.426645
0.426645
0.42674
0.426835
0.42693
0.42693
0.427025
0.42712
0.42712
0.427215
0.427215
0.42731
0.427405
0.427405
0.4275
0.4275
0.427595
0.427595
0.42769
0.427785
0.42788
0.42788
0.427975
0.42807
0.42807
0.428165
0.42826
0.42826
0.428355
0.42845
0.42845
0.428545
0.428545
0.42864
0.428735
0.428735
0.42883
0.428925
0.428925
0.42902
0.429115
0.429115
0.42921
0.42921
0.429305
0.4294
0.4294
0.429495
0.42959
0.42959
0.429685
0.42978
0.42978
0.429875
0.42997
0.430065
0.430065
0.43016
0.43016
0.430255
0.43035
0.43035
0.430398
0.430445
0.43054
0.43054
0.430635
0.43073
0.43073
0.430825
0.430825
0.43092
0.431015
0.431015
0.43111
0.43111
0.431205
0.431205
0.4313
0.431395
0.43149
0.43149
0.431585
0.431585
0.43168
0.431775
0.431775
0.43187
0.43187
0.431965
0.431965
0.43206
0.432155
0.432155
0.43225
0.432345
0.432345
0.43244
0.432535
0.432535
0.43263
0.432725
0.432725
0.43282
0.432915
0.43301
0.43301
0.433105
0.4332
0.433295
0.433295
0.43339
0.433485
0.433485
0.43358
0.433675
0.43377
0.43377
0.433865
0.433865
0.43396
0.43396
0.434055
0.43415
0.43415
0.434245
0.43434
0.434435
0.434435
0.43453
0.43453
0.434625
0.43472
0.43472
0.434815
0.434815
0.43491
0.435005
0.435005
0.4351
0.4351
0.435195
0.435195
0.43529
0.435385
0.435385
0.43548
0.43548
0.435575
0.43567
0.435765
0.435765
0.43586
0.43586
0.435955
0.43605
0.436145
0.436145
0.43624
0.43624
0.436335
0.43643
0.436525
0.436525
0.43662
0.43662
0.436715
0.436715
0.43681
0.436905
0.437
0.437
0.437095
0.43719
0.43719
0.437285
0.43738
0.43738
0.437427
0.437475
0.437475
0.43757
0.437665
0.43776
0.43776
0.437855
0.43795
0.43795
0.438045
0.43814
0.43814
0.438235
0.438235
0.43833
0.43833
0.438425
0.438425
0.43852
0.43852
0.438615
0.438615
0.43871
0.43871
0.438805
0.4389
0.438995
0.438995
0.43909
0.439185
0.439185
0.43928
0.439375
0.439375
0.439422
0.43947
0.439565
0.439565
0.43966
0.43966
0.439755
0.43985
0.43985
0.439945
0.44004
0.44004
0.440135
0.440135
0.44023
0.440325
0.440325
0.44042
0.440515
0.440515
0.44061
0.44061
0.440705
0.4408
0.4408
0.440895
0.440895
0.44099
0.441085
0.441085
0.44118
0.44118
0.441275
0.441275
0.44137
0.441465
0.441465
0.44156
0.44156
0.441655
0.44175
0.44175
0.441845
0.44194
0.44194
0.442035
0.442035
0.44213
0.442225
0.442225
0.44232
0.44232
0.442415
0.442415
0.44251
0.442605
0.442605
0.4427
0.442795
0.442795
0.44289
0.442985
0.44308
0.44308
0.443175
0.44327
0.443365
0.443365
0.443412
0.44346
0.443555
0.443555
0.44365
0.44365
0.443745
0.443745
0.44384
0.44384
0.443935
0.44403
0.44403
0.444125
0.444125
0.44422
0.44422
0.444315
0.444315
0.44441
0.444505
0.444505
0.4446
0.4446
0.444695
0.444695
0.44479
0.444885
0.444885
0.44498
0.44498
0.445075
0.445075
0.44517
0.445265
0.445265
0.44536
0.445455
0.445455
0.44555
0.445645
0.445645
0.44574
0.445835
0.445835
0.44593
0.44593
0.446025
0.44612
0.446215
0.446215
0.44631
0.446405
0.446405
0.4465
0.4465
0.446595
0.446595
0.44669
0.44669
0.446785
0.446785
0.44688
0.44688
0.446975
0.44707
0.447165
0.447165
0.44726
0.447355
0.447355
0.44745
0.44745
0.447545
0.44764
0.44764
0.447735
0.44783
0.44783
0.447877
0.447925
0.44802
0.44802
0.448115
0.44821
0.44821
0.448305
0.4484
0.4484
0.448495
0.44859
0.44859
0.448685
0.448685
0.44878
0.448875
0.448875
0.44897
0.44897
0.449065
0.44916
0.449255
0.449255
0.44935
0.44935
0.449445
0.449445
0.449493
0.44954
0.449635
0.44973
0.44973
0.449825
0.449825
0.44992
0.450015
0.450015
0.45011
0.450205
0.450205
0.450253
0.4503
0.450395
0.450395
0.45049
0.450585
0.450585
0.45068
0.450775
0.450775
0.45087
0.45087
0.450917
0.450965
0.45106
0.45106
0.451155
0.451155
0.45125
0.45125
0.451345
0.451345
0.45144
0.451535
0.451535
0.45163
0.45163
0.451725
0.45182
0.451915
0.451915
0.45201
0.452105
0.452105
0.4522
0.4522
0.452295
0.45239
0.45239
0.452485
0.45258
0.45258
0.452675
0.45277
0.45277
0.452865
0.452865
0.45296
0.45296
0.453055
0.453055
0.45315
0.45315
0.453245
0.453245
0.45334
0.453435
0.45353
0.453625
0.453625
0.453672
0.45372
0.45372
0.453815
0.45391
0.45391
0.454005
0.454005
0.4541
0.454195
0.454195
0.45429
0.454385
0.454385
0.45448
0.454575
0.454575
0.45467
0.454765
0.454765
0.45486
0.454955
0.45505
0.45505
0.455145
0.455145
0.45524
0.455335
0.455335
0.45543
0.45543
0.455525
0.45562
0.45562
0.455715
0.455715
0.45581
0.45581
0.455905
0.456
0.456095
0.456095
0.45619
0.45619
0.456285
0.456285
0.45638
0.45638
0.456475
0.45657
0.45657
0.456665
0.45676
0.45676
0.456855
0.456855
0.45695
0.45695
0.457045
0.45714
0.45714
0.457235
0.45733
0.457425
0.457425
0.45752
0.45752
0.457615
0.457615
0.45771
0.457805
0.457805
0.4579
0.4579
0.457995
0.45809
0.458185
0.458185
0.45828
0.45828
0.458375
0.458375
0.45847
0.458565
0.45866
0.45866
0.458755
0.458755
0.45885
0.458945
0.458945
0.45904
0.45904
0.459135
0.459135
0.45923
0.45923
0.459325
0.459325
0.45942
0.45942
0.459515
0.45961
0.459705
0.459705
0.4598
0.4598
0.459895
0.459895
0.45999
0.460085
0.460085
0.46018
0.460275
0.460275
0.46037
0.460465
0.460465
0.46056
0.460655
0.460655
0.46075
0.46075
0.460845
0.460845
0.46094
0.461035
0.461035
0.46113
0.46113
0.461225
0.46132
0.46132
0.461415
0.461415
0.46151
0.46151
0.461605
0.461605
0.4617
0.461795
0.46189
0.46189
0.461985
0.461985
0.46208
0.462175
0.462175
0.46227
0.462365
0.46246
0.46246
0.462555
0.46265
0.462745
0.462745
0.46284
0.46284
0.462935
0.462935
0.46303
0.463125
0.463125
0.46322
0.46322
0.463315
0.463315
0.46341
0.463505
0.463505
0.4636
0.4636
0.463695
0.463695
0.46379
0.46379
0.463885
0.463885
0.46398
0.464075
0.464075
0.46417
0.464265
0.464265
0.46436
0.46436
0.464455
0.46455
0.46455
0.464645
0.46474
0.46474
0.464835
0.464835
0.46493
0.465025
0.465025
0.46512
0.465215
0.465215
0.46531
0.46531
0.465405
0.4655
0.4655
0.465595
0.465595
0.46569
0.46569
0.465785
0.465785
0.46588
0.46588
0.465975
0.465975
0.46607
0.46607
0.466165
0.466165
0.46626
0.466355
0.466355
0.46645
0.466545
0.466545
0.46664
0.466735
0.466735
0.46683
0.46683
0.466925
0.46702
0.46702
0.467115
0.467115
0.46721
0.467305
0.4674
0.4674
0.467495
0.467495
0.46759
0.46759
0.467685
0.467685
0.46778
0.46778
0.467875
0.467875
0.46797
0.46797
0.468065
0.468065
0.46816
0.468255
0.468255
0.46835
0.46835
0.468445
0.46854
0.46854
0.46873
0.46873
0.468825
0.468825
0.468872
0.46892
0.469015
0.469015
0.46911
0.469205
0.469205
0.4693
0.4693
0.469395
0.46949
0.46949
0.469537
0.469585
0.46968
0.46968
0.469775
0.46987
0.46987
0.469965
0.47006
0.47006
0.470155
0.47025
0.47025
0.470345
0.470345
0.47044
0.47044
0.470535
0.470535
0.47063
0.470725
0.470725
0.47082
0.47082
0.470915
0.470915
0.47101
0.47101
0.471105
0.4712
0.4712
0.471295
0.471295
0.47139
0.47139
0.471485
0.47158
0.47158
0.471675
0.47177
0.47177
0.471865
0.47196
0.47196
0.472055
0.472055
0.47215
0.472245
0.472245
0.47234
0.47234
0.472435
0.47253
0.47253
0.472625
0.472625
0.47272
0.47272
0.472815
0.47291
0.47291
0.473005
0.4731
0.4731
0.473195
0.473195
0.47329
0.473385
0.473385
0.47348
0.47348
0.473527
0.473575
0.47367
0.47367
0.473765
0.473765
0.473812
0.47386
0.473955
0.473955
0.47405
0.47405
0.474145
0.47424
0.47424
0.474335
0.474335
0.47443
0.47443
0.474525
0.47462
0.47462
0.474715
0.47481
0.47481
0.474905
0.474905
0.475
0.475095
0.475095
0.47519
0.475285
0.475285
0.47538
0.475475
0.475475
0.47557
0.475665
0.475665
0.47576
0.47576
0.475807
0.475855
0.475855
0.47595
0.47595
0.476045
0.47614
0.47614
0.476235
0.47633
0.47633
0.476425
0.476425
0.47652
0.476615
0.476615
0.47671
0.47671
0.476805
0.4769
0.4769
0.476995
0.476995
0.47709
0.477185
0.477185
0.47728
0.47728
0.477375
0.477375
0.47747
0.47747
0.477565
0.477565
0.47766
0.477755
0.477755
0.47785
0.47785
0.477945
0.477945
0.47804
0.478135
0.478135
0.47823
0.478325
0.47842
0.47842
0.478515
0.478515
0.47861
0.478705
0.478705
0.4788
0.4788
0.478848
0.478895
0.478895
0.47899
0.47899
0.479085
0.47918
0.479275
0.479275
0.47937
0.479465
0.479465
0.47956
0.47956
0.479655
0.479655
0.47975
0.47975
0.479845
0.47994
0.47994
0.480035
0.48013
0.48013
0.480225
0.480225
0.48032
0.480415
0.480415
0.48051
0.480605
0.480605
0.4807
0.4807
0.480795
0.480795
0.48089
0.48089
0.480985
0.48108
0.48108
0.481128
0.481175
0.48127
0.481365
0.48146
0.48146
0.481508
0.481555
0.481555
0.48165
0.481745
0.481745
0.48184
0.48184
0.481935
0.48203
0.48203
0.482125
0.482125
0.48222
0.48222
0.482315
0.48241
0.48241
0.482505
0.482505
0.4826
0.4826
0.482695
0.48279
0.48279
0.482885
0.482885
0.48298
0.48298
0.483075
0.48317
0.48317
0.483265
0.483265
0.48336
0.483455
0.483455
0.48355
0.483645
0.483645
0.48374
0.48374
0.483835
0.483835
0.483882
0.48393
0.48393
0.484025
0.48412
0.48412
0.484215
0.484215
0.48431
0.48431
0.484405
0.4845
0.4845
0.484595
0.48469
0.48469
0.484738
0.484785
0.48488
0.48488
0.484975
0.48507
0.485165
0.485165
0.48526
0.48526
0.485355
0.485355
0.48545
0.48545
0.485545
0.485545
0.48564
0.48564
0.485735
0.485735
0.48583
0.48583
0.485925
0.48602
0.48602
0.486115
0.486115
0.48621
0.486305
0.486305
0.4864
0.486495
0.486495
0.48659
0.48659
0.486685
0.48678
0.48678
0.486875
0.486875
0.486923
0.48697
0.487065
0.487065
0.48716
0.487255
0.487255
0.48735
0.48735
0.487445
0.48754
0.48754
0.487635
0.487635
0.48773
0.487825
0.48792
0.48792
0.488015
0.48811
0.48811
0.488205
0.4883
0.4883
0.488348
0.488395
0.48849
0.48849
0.488537
0.488585
0.48868
0.48868
0.488775
0.488775
0.48887
0.48887
0.488965
0.48906
0.48906
0.489155
0.489155
0.48925
0.489345
0.489345
0.48944
0.48944
0.489535
0.48963
0.489725
0.489725
0.48982
0.48982
0.489915
0.489915
0.49001
0.49001
0.490105
0.490105
0.4902
0.490295
0.490295
0.49039
0.49039
0.490485
0.490485
0.49058
0.490675
0.490675
0.49077
0.490865
0.490865
0.49096
0.491055
0.491055
0.49115
0.49115
0.491197
0.491245
0.49134
0.49134
0.491435
0.491435
0.49153
0.491625
0.491625
0.49172
0.49172
0.491815
0.49191
0.49191
0.492005
0.492005
0.4921
0.492195
0.492195
0.492243
0.49229
0.492385
0.492385
0.492433
0.49248
0.49248
0.492575
0.49267
0.49267
0.492765
0.492765
0.49286
0.49286
0.492955
0.492955
0.49305
0.493145
0.493145
0.49324
0.493335
0.493335
0.49343
0.49343
0.493525
0.49362
0.49362
0.493715
0.493715
0.49381
0.493905
0.493905
0.494
0.494
0.494095
0.49419
0.49419
0.494285
0.494285
0.49438
0.49438
0.494475
0.494475
0.49457
0.49457
0.494665
0.494665
0.49476
0.49476
0.494855
0.49495
0.49495
0.495045
0.495045
0.49514
0.49514
0.495235
0.49533
0.49533
0.495425
0.495425
0.49552
0.495615
0.495615
0.49571
0.49571
0.495805
0.4959
0.4959
0.495995
0.495995
0.49609
0.496185
0.496185
0.49628
0.496375
0.496375
0.496422
0.49647
0.496565
0.496565
0.49666
0.49666
0.496755
0.49685
0.49685
0.496945
0.496945
0.49704
0.49704
0.497135
0.497135
0.49723
0.49723
0.497325
0.497325
0.49742
0.497515
0.49761
0.49761
0.497705
0.497705
0.4978
0.4978
0.497895
0.49799
0.49799
0.498085
0.49818
0.49818
0.498275
0.498275
0.498323
0.49837
0.498465
0.498465
0.498513
0.49856
0.49856
0.498655
0.498655
0.49875
0.49875
0.498845
0.498845
0.49894
0.49894
0.499035
0.49913
0.49913
0.499225
0.499225
0.49932
0.499415
0.499415
0.49951
0.499605
0.499605
0.4997
0.499795
0.499795
0.499842
0.49989
0.49989
0.499985
0.50008
0.50008
0.500175
0.500175
0.50027
0.500365
0.500365
0.50046
0.50046
0.500507
0.500555
0.500555
0.50065
0.50065
0.500745
0.500745
0.50084
0.50084
0.500935
0.500935
0.50103
0.501125
0.501125
0.50122
0.50122
0.501315
0.501315
0.50141
0.501505
0.501505
0.5016
0.5016
0.501648
0.501695
0.50179
0.50179
0.501885
0.501885
0.50198
0.50198
0.502075
0.502075
0.50217
0.50217
0.502265
0.502265
0.50236
0.502455
0.502455
0.50255
0.50255
0.502645
0.50274
0.50274
0.502835
0.502835
0.50293
0.50293
0.503025
0.503025
0.50312
0.503215
0.503215
0.50331
0.50331
0.503405
0.503405
0.5035
0.5035
0.503595
0.503595
0.50369
0.503785
0.503785
0.50388
0.50388
0.503975
0.50407
0.50407
0.504165
0.50426
0.50426
0.504355
0.50445
0.50445
0.504545
0.504545
0.50464
0.504735
0.50483
0.50483
0.504925
0.504925
0.50502
0.50502
0.505115
0.505115
0.50521
0.50521
0.505305
0.505305
0.5054
0.5054
0.505495
0.505495
0.50559
0.50559
0.505685
0.505685
0.50578
0.505875
0.505875
0.50597
0.50597
0.506065
0.50616
0.50616
0.506255
0.50635
0.50635
0.506445
0.506445
0.50654
0.50654
0.506635
0.506635
0.50673
0.50673
0.506825
0.506825
0.50692
0.507015
0.507015
0.50711
0.50711
0.507205
0.507205
0.5073
0.507395
0.507395
0.507442
0.50749
0.50749
0.507585
0.50768
0.50768
0.507775
0.507775
0.50787
0.507965
0.507965
0.50806
0.50806
0.508155
0.508155
0.50825
0.50825
0.508345
0.508345
0.50844
0.508535
0.508535
0.50863
0.50863
0.508725
0.50882
0.50882
0.508868
0.508915
0.508915
0.50901
0.509105
0.509105
0.5092
0.5092
0.509295
0.50939
0.50939
0.509485
0.50958
0.50958
0.509675
0.50977
0.50977
0.509865
0.509865
0.50996
0.50996
0.510055
0.510055
0.51015
0.51015
0.510245
0.510245
0.51034
0.51034
0.510435
0.510435
0.51053
0.51053
0.510625
0.510625
0.510672
0.51072
0.510815
0.510815
0.51091
0.51091
0.511005
0.511005
0.5111
0.511195
0.511195
0.51129
0.51129
0.511385
0.511385
0.51148
0.511575
0.511575
0.51167
0.511765
0.511765
0.51186
0.51186
0.511908
0.511955
0.511955
0.51205
0.512145
0.51224
0.51224
0.512335
0.512335
0.51243
0.51243
0.512525
0.512525
0.51262
0.51262
0.512715
0.512715
0.51281
0.512905
0.512905
0.513
0.513095
0.513095
0.51319
0.51319
0.513285
0.513285
0.51338
0.51338
0.513475
0.51357
0.51357
0.513665
0.51376
0.51376
0.513855
0.513855
0.513902
0.51395
0.51395
0.514045
0.514045
0.51414
0.514235
0.514235
0.514283
0.51433
0.51433
0.514425
0.51452
0.51452
0.514615
0.514615
0.51471
0.51471
0.514805
0.5149
0.5149
0.514995
0.51509
0.515185
0.515185
0.51528
0.51528
0.515375
0.515375
0.51547
0.51547
0.515565
0.515565
0.51566
0.51566
0.515755
0.515755
0.51585
0.51585
0.515945
0.51604
0.516135
0.516135
0.51623
0.51623
0.516325
0.516325
0.51642
0.51642
0.516515
0.516515
0.51661
0.51661
0.516705
0.5168
0.5168
0.516895
0.51699
0.51699
0.517085
0.517085
0.51718
0.51718
0.517275
0.517275
0.51737
0.517465
0.517465
0.51756
0.51756
0.517655
0.517655
0.51775
0.51775
0.517845
0.51794
0.51794
0.517987
0.518035
0.518035
0.51813
0.518225
0.518225
0.51832
0.518415
0.518415
0.51851
0.518605
0.518605
0.5187
0.5187
0.518795
0.518795
0.51889
0.518985
0.518985
0.51908
0.51908
0.519175
0.519175
0.51927
0.51927
0.519365
0.519365
0.51946
0.51946
0.519555
0.519555
0.51965
0.51965
0.519745
0.51984
0.51984
0.519935
0.519935
0.519983
0.52003
0.520125
0.520125
0.52022
0.52022
0.520315
0.520315
0.52041
0.52041
0.520458
0.520505
0.520505
0.5206
0.520695
0.520695
0.52079
0.52079
0.520885
0.520885
0.52098
0.52098
0.521075
0.52117
0.52117
0.521265
0.521265
0.52136
0.52136
0.521455
0.521455
0.52155
0.52155
0.521645
0.521645
0.521693
0.52174
0.521835
0.521835
0.52193
0.522025
0.522025
0.52212
0.52212
0.522215
0.522215
0.52231
0.52231
0.522405
0.522405
0.5225
0.522595
0.522595
0.52269
0.522785
0.522785
0.52288
0.52288
0.522975
0.522975
0.52307
0.52307
0.523165
0.523165
0.52326
0.523355
0.523355
0.52345
0.52345
0.523545
0.523545
0.523592
0.52364
0.52364
0.523735
0.52383
0.52383
0.523925
0.523925
0.523973
0.52402
0.524115
0.524115
0.52421
0.52421
0.524305
0.5244
0.5244
0.524448
0.524495
0.52459
0.524685
0.524685
0.52478
0.52478
0.524875
0.52497
0.52497
0.525065
0.525065
0.52516
0.52516
0.525255
0.525255
0.52535
0.52535
0.525445
0.525445
0.52554
0.52554
0.525635
0.52573
0.52573
0.525825
0.525825
0.52592
0.52592
0.526015
0.526015
0.52611
0.526205
0.526205
0.5263
0.5263
0.526395
0.52649
0.52649
0.526585
0.526585
0.52668
0.526775
0.526775
0.52687
0.52687
0.526965
0.526965
0.52706
0.52706
0.527155
0.527155
0.52725
0.527345
0.527345
0.52744
0.527535
0.527535
0.527583
0.52763
0.527725
0.527725
0.52782
0.52782
0.527915
0.527915
0.52801
0.52801
0.528105
0.528105
0.5282
0.528295
0.528295
0.52839
0.52839
0.528485
0.528485
0.52858
0.52858
0.528675
0.528675
0.52877
0.52877
0.528865
0.52896
0.52896
0.529055
0.529055
0.52915
0.52915
0.529198
0.529245
0.529245
0.52934
0.52934
0.529435
0.52953
0.52953
0.529625
0.529625
0.52972
0.52972
0.529815
0.52991
0.52991
0.530005
0.530005
0.5301
0.5301
0.530195
0.53029
0.53029
0.530385
0.530385
0.53048
0.53048
0.530575
0.530575
0.53067
0.530765
0.530765
0.530813
0.53086
0.53086
0.530955
0.53105
0.53105
0.531145
0.531145
0.53124
0.53124
0.531335
0.531335
0.53143
0.531525
0.531525
0.531572
0.53162
0.531715
0.531715
0.53181
0.53181
0.531905
0.531905
0.532
0.532
0.532095
0.532095
0.53219
0.53219
0.532285
0.532285
0.53238
0.53238
0.532475
0.53257
0.53257
0.532665
0.532665
0.53276
0.532855
0.532855
0.532902
0.53295
0.53295
0.533045
0.53314
0.53314
0.533235
0.533235
0.53333
0.53333
0.533425
0.53352
0.53352
0.533615
0.533615
0.53371
0.533805
0.533805
0.5339
0.5339
0.533995
0.533995
0.53409
0.53409
0.534185
0.534185
0.53428
0.534375
0.534375
0.534423
0.53447
0.53447
0.534565
0.53466
0.53466
0.534755
0.534755
0.53485
0.53485
0.534945
0.534945
0.53504
0.535135
0.535135
0.53523
0.53523
0.535325
0.535325
0.53542
0.53542
0.535515
0.535515
0.53561
0.53561
0.535705
0.535705
0.5358
0.535895
0.535895
0.53599
0.53599
0.536085
0.536085
0.53618
0.536275
0.536275
0.53637
0.53637
0.536465
0.53656
0.53656
0.536655
0.536655
0.53675
0.53675
0.536845
0.536845
0.53694
0.53694
0.537035
0.537035
0.53713
0.537225
0.537225
0.537272
0.53732
0.53732
0.537415
0.53751
0.53751
0.537558
0.537605
0.5377
0.5377
0.537795
0.53789
0.53789
0.537985
0.537985
0.53808
0.538175
0.538175
0.53827
0.53827
0.538365
0.53846
0.53846
0.538555
0.538555
0.53865
0.53865
0.538745
0.538745
0.538792
0.53884
0.538935
0.538935
0.53903
0.53903
0.539125
0.53922
0.539315
0.539315
0.539363
0.53941
0.53941
0.539505
0.539505
0.5396
0.5396
0.539695
0.53979
0.53979
0.539885
0.539885
0.53998
0.53998
0.540075
0.54017
0.54017
0.540265
0.54036
0.54036
0.540455
0.54055
0.54055
0.540645
0.540645
0.54074
0.54074
0.540835
0.540835
0.54093
0.54093
0.541025
0.541025
0.54112
0.541215
0.54131
0.54131
0.541405
0.5415
0.5415
0.541595
0.541595
0.54169
0.54169
0.541785
0.54188
0.54188
0.541975
0.541975
0.54207
0.542165
0.542165
0.54226
0.54226
0.542355
0.54245
0.54245
0.542545
0.542545
0.54264
0.54264
0.542735
0.542735
0.54283
0.54283
0.542925
0.542925
0.54302
0.543115
0.543115
0.54321
0.54321
0.543305
0.5434
0.5434
0.543495
0.543495
0.54359
0.54359
0.543685
0.543685
0.543733
0.54378
0.543875
0.543875
0.54397
0.54397
0.544065
0.544065
0.54416
0.54416
0.544255
0.54435
0.54435
0.544445
0.544445
0.54454
0.54454
0.544587
0.544635
0.54473
0.54473
0.544825
0.54492
0.54492
0.544968
0.545015
0.545015
0.54511
0.545205
0.545205
0.5453
0.5453
0.545395
0.54549
0.54549
0.545585
0.54568
0.54568
0.545775
0.545775
0.54587
0.54587
0.545965
0.545965
0.54606
0.54606
0.546155
0.54625
0.54625
0.546345
0.546345
0.54644
0.54644
0.546535
0.54663
0.54663
0.546725
0.546725
0.546773
0.54682
0.546915
0.546915
0.54701
0.547105
0.547105
0.5472
0.547295
0.547295
0.54739
0.547485
0.547485
0.54758
0.54758
0.547675
0.547675
0.54777
0.54777
0.547865
0.54796
0.54796
0.548055
0.54815
0.54815
0.548245
0.548245
0.54834
0.548435
0.548435
0.54853
0.54853
0.548625
0.548625
0.54872
0.548815
0.548815
0.54891
0.549005
0.549005
0.5491
0.5491
0.549195
0.549195
0.54929
0.54929
0.549385
0.54948
0.54948
0.549528
0.549575
0.54967
0.54967
0.549765
0.549765
0.549812
0.54986
0.549955
0.549955
0.55005
0.550145
0.550145
0.55024
0.550335
0.550335
0.55043
0.55043
0.550525
0.55062
0.55062
0.550715
0.55081
0.55081
0.550858
0.550905
0.550905
0.551
0.551
0.551095
0.551095
0.55119
0.55119
0.551285
0.55138
0.55138
0.551475
0.551475
0.55157
0.551665
0.551665
0.55176
0.55176
0.551855
0.551855
0.55195
0.552045
0.552045
0.55214
0.55214
0.552235
0.552235
0.552282
0.55233
0.552425
0.552425
0.55252
0.55252
0.552615
0.552615
0.55271
0.55271
0.552805
0.5529
0.5529
0.552948
0.552995
0.552995
0.55309
0.55309
0.553185
0.55328
0.55328
0.553375
0.553375
0.55347
0.553565
0.553565
0.55366
0.55366
0.553755
0.553755
0.55385
0.553945
0.553945
0.55404
0.554135
0.554135
0.55423
0.55423
0.554325
0.554325
0.55442
0.55442
0.554515
0.554515
0.55461
0.554705
0.554705
0.554752
0.5548
0.554895
0.554895
0.55499
0.555085
0.555085
0.55518
0.55518
0.555275
0.55537
0.55537
0.555465
0.555465
0.55556
0.55556
0.555655
0.555655
0.55575
0.55575
0.555845
0.555845
0.55594
0.556035
0.556035
0.55613
0.55613
0.556225
0.556225
0.55632
0.55632
0.556415
0.556415
0.55651
0.556605
0.5567
0.5567
0.556795
0.556795
0.55689
0.556985
0.556985
0.55708
0.55708
0.557175
0.557175
0.55727
0.55727
0.557365
0.55746
0.55746
0.557555
0.557555
0.55765
0.557745
0.55784
0.55784
0.557935
0.557935
0.55803
0.558125
0.558125
0.55822
0.55822
0.558315
0.558315
0.55841
0.55841
0.558457
0.558505
0.5586
0.5586
0.558695
0.55879
0.55879
0.558885
0.55898
0.55898
0.559075
0.559075
0.55917
0.559265
0.559265
0.55936
0.55936
0.559455
0.559455
0.55955
0.559645
0.55974
0.55974
0.559835
0.559835
0.55993
0.560025
0.560025
0.56012
0.56012
0.560215
0.56031
0.56031
0.560405
0.560405
0.5605
0.560595
0.560595
0.56069
0.56069
0.560785
0.560785
0.56088
0.560975
0.560975
0.56107
0.561165
0.561165
0.56126
0.56126
0.561355
0.56145
0.56145
0.561497
0.561545
0.56164
0.56164
0.561688
0.561735
0.561735
0.56183
0.56183
0.561925
0.56202
0.56202
0.562115
0.56221
0.56221
0.562305
0.562305
0.5624
0.5624
0.562495
0.56259
0.56259
0.562685
0.56278
0.56278
0.562875
0.562875
0.56297
0.563065
0.563065
0.56316
0.563255
0.56335
0.56335
0.563445
0.56354
0.56354
0.563635
0.563635
0.56373
0.56373
0.563825
0.563825
0.56392
0.56392
0.564015
0.56411
0.56411
0.564205
0.564205
0.5643
0.5643
0.564395
0.564395
0.56449
0.564585
0.56468
0.56468
0.564775
0.564775
0.56487
0.56487
0.564965
0.564965
0.56506
0.56506
0.565155
0.56525
0.56525
0.565345
0.56544
0.565535
0.565535
0.56563
0.565725
0.565725
0.56582
0.565915
0.565915
0.56601
0.56601
0.566105
0.5662
0.5662
0.566295
0.566295
0.56639
0.566485
0.566485
0.56658
0.566675
0.566675
0.56677
0.566865
0.566865
0.56696
0.567055
0.567055
0.56715
0.56715
0.567245
0.567245
0.56734
0.567435
0.567435
0.56753
0.567625
0.567625
0.56772
0.56772
0.567815
0.567815
0.568005
0.568005
0.5681
0.5681
0.568195
0.568195
0.56829
0.568385
0.568385
0.56848
0.568575
0.568575
0.56867
0.568765
0.568765
0.56886
0.568955
0.568955
0.56905
0.569145
0.569145
0.56924
0.569335
0.569335
0.569383
0.56943
0.569525
0.569525
0.56962
0.56962
0.569715
0.56981
0.56981
0.569905
0.569905
0.57
0.570095
0.57019
0.570285
0.570285
0.57038
0.570475
0.570475
0.57057
0.570665
0.570665
0.57076
0.570855
0.570855
0.57095
0.571045
0.571045
0.57114
0.571235
0.571235
0.57133
0.57133
0.571425
0.571425
0.57152
0.571615
0.571615
0.57171
0.57171
0.571805
0.5719
0.5719
0.571948
0.571995
0.57209
0.572185
0.572185
0.57228
0.57228
0.572375
0.57247
0.57247
0.572565
0.572565
0.57266
0.57266
0.572755
0.57285
0.572945
0.57304
0.57304
0.573135
0.573135
0.57323
0.573325
0.573325
0.57342
0.573515
0.573515
0.57361
0.573705
0.573705
0.5738
0.5738
0.573895
0.57399
0.57399
0.574085
0.57418
0.57418
0.574275
0.57437
0.574465
0.57456
0.57456
0.574655
0.57475
0.57475
0.574845
0.574845
0.57494
0.57494
0.575035
0.57513
0.575225
0.575225
0.57532
0.575415
0.57551
0.57551
0.575605
0.575605
0.5757
0.575795
0.57589
0.57589
0.575985
0.575985
0.57608
0.57608
0.576175
0.57627
0.576365
0.576365
0.576412
0.57646
0.576555
0.576555
0.57665
0.576745
0.576745
0.57684
0.576935
0.57703
0.577125
0.577125
0.57722
0.57722
0.577315
0.57741
0.57741
0.577505
0.577505
0.5776
0.5776
0.577695
0.577695
0.57779
0.577885
0.57798
0.57798
0.578075
0.57817
0.578265
0.57836
0.57836
0.578455
0.57855
0.57855
0.578645
0.57874
0.57874
0.578835
0.57893
0.57893
0.579025
0.57912
0.57912
0.579215
0.579215
0.57931
0.57931
0.579405
0.5795
0.5795
0.579595
0.579595
0.57969
0.579785
0.57988
0.57988
0.579975
0.58007
0.58007
0.580165
0.58026
0.58026
0.580355
0.580355
0.58045
0.58045
0.580545
0.58064
0.580735
0.580735
0.58083
0.580925
0.580925
0.58102
0.581115
0.581115
0.58121
0.581305
0.5814
0.581495
0.581495
0.58159
0.58159
0.581685
0.58178
0.58178
0.581875
0.58197
0.582065
0.582065
0.58216
0.582255
0.582255
0.58235
0.582445
0.582445
0.58254
0.582635
0.58273
0.58273
0.582825
0.58292
0.58292
0.583015
0.583015
0.58311
0.583205
0.583205
0.5833
0.5833
0.583395
0.58349
0.58349
0.583585
0.58368
0.583775
0.583775
0.58387
0.583965
0.583965
0.58406
0.584155
0.58425
0.58425
0.584345
0.584345
0.58444
0.584535
0.58463
0.58463
0.584725
0.58482
0.584915
0.58501
0.58501
0.585105
0.585105
0.5852
0.585295
0.58539
0.585485
0.585485
0.58558
0.585675
0.585675
0.585865
0.585865
0.58596
0.586055
0.58615
0.58615
0.586245
0.58634
0.58634
0.586435
0.586435
0.58653
0.586625
0.58672
0.58672
0.586815
0.58691
0.58691
0.587005
0.5871
0.587195
0.587195
0.58729
0.587385
0.58748
0.58748
0.587575
0.58767
0.58767
0.587765
0.587765
0.58786
0.58786
0.587955
0.58805
0.588145
0.588145
0.58824
0.588335
0.588335
0.588525
0.588525
0.58862
0.58862
0.588715
0.58881
0.58881
0.588905
0.589
0.589
0.589095
0.58919
0.58919
0.589285
0.58938
0.589475
0.58957
0.58957
0.589665
0.589665
0.58976
0.589855
0.589855
0.58995
0.590045
0.59014
0.59014
0.590235
0.59033
0.590425
0.590425
0.59052
0.590615
0.590615
0.59071
0.590805
0.590805
0.5909
0.5909
0.590995
0.59109
0.59109
0.591185
0.59128
0.59128
0.591375
0.59147
0.591565
0.59166
0.591755
0.59185
0.59185
0.591945
0.59204
0.59204
0.592135
0.59223
0.592325
0.59242
0.59242
0.592515
0.59261
0.59261
0.592705
0.592705
0.5928
0.592895
0.59299
0.59299
0.593085
0.59318
0.59318
0.593275
0.593275
0.59337
0.593465
0.59356
0.593655
0.593655
0.593702
0.59375
0.593845
0.59394
0.59394
0.594035
0.59413
0.594225
0.59432
0.59432
0.594415
0.594415
0.59451
0.594605
0.5947
0.5947
0.594795
0.59489
0.594985
0.59508
0.59508
0.595175
0.595175
0.59527
0.595365
0.59546
0.59546
0.595555
0.595555
0.59565
0.595745
0.595745
0.59584
0.595935
0.59603
0.59603
0.596125
0.596125
0.59622
0.596315
0.59641
0.59641
0.596505
0.5966
0.5966
0.596695
0.59679
0.596885
0.596885
0.59698
0.59698
0.597075
0.59717
0.597265
0.597265
0.59736
0.597455
0.59755
0.597645
0.597645
0.59774
0.597835
0.597835
0.59793
0.598025
0.598025
0.59812
0.598215
0.598215
0.59831
0.59831
0.598405
0.5985
0.598595
0.598595
0.59869
0.598785
0.598785
0.59888
0.598975
0.59907
0.59907
0.599117
0.599165
0.59926
0.599355
0.599355
0.59945
0.599545
0.59964
0.599735
0.599735
0.59983
0.599925
0.60002
0.60002
0.600067
0.600115
0.60021
0.600305
0.600305
0.6004
0.60059
0.60059
0.600685
0.60078
0.60078
0.600875
0.600875
0.60097
0.601065
0.60116
0.601255
0.601255
0.60135
0.601445
0.601445
0.60154
0.60154
0.601635
0.601635
0.60173
0.601825
0.60192
0.602015
0.602015
0.60211
0.60211
0.602205
0.6023
0.6023
0.602395
0.602395
0.60249
0.602585
0.60268
0.60268
0.602775
0.60287
0.602965
0.602965
0.60306
0.603155
0.60325
0.603345
0.603345
0.60344
0.60344
0.603535
0.60363
0.603725
0.603725
0.60382
0.603915
0.60401
0.60401
0.604105
0.6042
0.604295
0.604295
0.60439
0.604485
0.604485
0.60458
0.604675
0.604675
0.60477
0.604865
0.604865
0.60496
0.60496
0.605055
0.60515
0.605245
0.60534
0.605435
0.605435
0.60553
0.605625
0.605625
0.60572
0.605815
0.605815
0.60591
0.60591
0.606005
0.6061
0.6061
0.606195
0.60629
0.606385
0.606385
0.60648
0.60648
0.606575
0.60667
0.60667
0.606765
0.60686
0.606955
0.60705
0.60705
0.607145
0.60724
0.60724
0.607335
0.60743
0.607525
0.60762
0.60762
0.607715
0.60781
0.60781
0.607905
0.607905
0.608
0.608095
0.608095
0.60819
0.608285
0.608285
0.60838
0.608475
0.60857
0.608665
0.60876
0.60876
0.608855
0.60895
0.60895
0.609045
0.60914
0.60914
0.609235
0.609235
0.609282
0.60933
0.609425
0.609425
0.60952
0.609615
0.609615
0.60971
0.60971
0.609805
0.6099
0.6099
0.609995
0.609995
0.61009
0.610185
0.610185
0.61028
0.610375
0.61047
0.610565
0.61066
0.610755
0.61085
0.61085
0.610945
0.61104
0.61104
0.611135
0.61123
0.61123
0.611325
0.611325
0.61142
0.611515
0.611515
0.61161
0.611705
0.611705
0.6118
0.611895
0.611895
0.61199
0.612085
0.612085
0.61218
0.612275
0.612275
0.61237
0.61237
0.612465
0.61256
0.61256
0.612655
0.61275
0.61275
0.612845
0.612845
0.612893
0.61294
0.61294
0.613035
0.613035
0.61313
0.613225
0.61332
0.61332
0.613415
0.61351
0.613605
0.6137
0.6137
0.613795
0.613795
0.61389
0.613985
0.61408
0.614175
0.614175
0.61427
0.614365
0.61446
0.614555
0.61465
0.61465
0.614745
0.61484
0.614935
0.61503
0.61503
0.615125
0.61522
0.61522
0.615315
0.61541
0.615505
0.615505
0.6156
0.6156
0.615695
0.61579
0.615885
0.61598
0.61598
0.616075
0.616075
0.61617
0.616265
0.61636
0.61636
0.616455
0.61655
0.616645
0.61674
0.61674
0.616835
0.61693
0.617025
0.61712
0.61712
0.617215
0.61731
0.61731
0.617405
0.617405
0.6175
0.6175
0.617595
0.61769
0.617785
0.617785
0.61788
0.617975
0.617975
0.61807
0.618165
0.61826
0.61826
0.618355
0.61845
0.618545
0.61864
0.61864
0.618735
0.61883
0.61883
0.618925
0.61902
0.61902
0.619115
0.61921
0.61921
0.619305
0.619305
0.6194
0.619495
0.619495
0.619685
0.61978
0.619875
0.61997
0.61997
0.620065
0.62016
0.62016
0.620255
0.62035
0.62035
0.620445
0.62054
0.62054
0.620635
0.620635
0.62073
0.62073
0.620825
0.620825
0.62092
0.62092
0.621015
0.62111
0.621205
0.621205
0.6213
0.621395
0.621395
0.62149
0.62149
0.621585
0.62168
0.621775
0.62187
0.62187
0.621965
0.62206
0.622155
0.62225
0.622345
0.622345
0.62244
0.622535
0.62263
0.62263
0.622725
0.62282
0.622915
0.62301
0.62301
0.623105
0.623105
0.6232
0.623295
0.62339
0.623485
0.623485
0.62358
0.623675
0.623675
0.62377
0.62377
0.623865
0.62396
0.624055
0.62415
0.62415
0.624245
0.62434
0.624435
0.62453
0.624625
0.62472
0.624815
0.62491
0.62491
0.625005
0.625005
0.625053
0.6251
0.6251
0.625195
0.62529
0.62529
0.625385
0.62548
0.625575
0.62567
0.625765
0.625765
0.62586
0.625955
0.62605
0.626145
0.626145
0.62624
0.626335
0.626335
0.62643
0.626525
0.626525
0.62662
0.626715
0.62681
0.626905
0.627
0.627095
0.627095
0.627285
0.62738
0.62738
0.627475
0.627475
0.62757
0.627665
0.627665
0.62776
0.627855
0.62795
0.62795
0.62814
0.62814
0.628235
0.62833
0.62833
0.628425
0.62852
0.62852
0.628615
0.62871
0.62871
0.628805
0.6289
0.628995
0.628995
0.62909
0.62909
0.629185
0.62928
0.629375
0.629375
0.62947
0.629565
0.629565
0.62966
0.629755
0.62985
0.629945
0.629945
0.63004
0.630135
0.630135
0.63023
0.630325
0.63042
0.63042
0.630468
0.630515
0.63061
0.63061
0.630705
0.6308
0.630895
0.630895
0.63099
0.631085
0.63118
0.63118
0.631275
0.631275
0.63137
0.631465
0.631465
0.63156
0.631655
0.631655
0.63175
0.631845
0.63194
0.63194
0.632035
0.63213
0.63213
0.632225
0.632225
0.63232
0.63232
0.632415
0.63251
0.63251
0.632605
0.6327
0.632795
0.632795
0.63289
0.632985
0.63308
0.63308
0.633175
0.63327
0.633365
0.63346
0.63346
0.633555
0.63365
0.633745
0.63384
0.63384
0.633935
0.633935
0.63403
0.634125
0.634125
0.63422
0.634315
0.634315
0.63441
0.634505
0.634505
0.6346
0.634695
0.63479
0.634885
0.634885
0.63498
0.635075
0.635075
0.63517
0.63517
0.635265
0.63536
0.63536
0.635455
0.63555
0.63555
0.635645
0.635645
0.63574
0.63574
0.635835
0.63593
0.63593
0.636025
0.63612
0.63612
0.636215
0.63631
0.636405
0.636405
0.6365
0.636595
0.63669
0.636785
0.63688
0.63688
0.636975
0.63707
0.637165
0.637165
0.63726
0.63726
0.637355
0.637355
0.63745
0.63745
0.637545
0.637545
0.63764
0.637735
0.63783
0.63783
0.637878
0.637925
0.637925
0.63802
0.63802
0.638115
0.638115
0.63821
0.638305
0.6384
0.6384
0.638495
0.638495
0.63859
0.638685
0.63878
0.63878
0.638875
0.638875
0.63897
0.639065
0.639065
0.63916
0.639255
0.639255
0.63935
0.63935
0.639445
0.63954
0.63954
0.639635
0.639635
0.63973
0.639825
0.639825
0.63992
0.640015
0.640015
0.64011
0.64011
0.640205
0.640205
0.6403
0.6403
0.640395
0.64049
0.64049
0.64068
0.64068
0.640775
0.64087
0.64087
0.640918
0.640965
0.64106
0.641155
0.641155
0.64125
0.64125
0.641345
0.64144
0.64144
0.641535
0.64163
0.64163
0.641725
0.641725
0.64182
0.641915
0.64201
0.64201
0.642105
0.6422
0.642295
0.642295
0.64239
0.642485
0.642485
0.642532
0.64258
0.64258
0.642675
0.642675
0.64277
0.64277
0.642865
0.64296
0.643055
0.643055
0.64315
0.64315
0.643245
0.643245
0.64334
0.64334
0.643435
0.64353
0.64353
0.643625
0.643625
0.64372
0.64372
0.643815
0.643815
0.64391
0.64391
0.644005
0.6441
0.6441
0.644147
0.644195
0.64429
0.64429
0.644385
0.64448
0.64448
0.644575
0.64467
0.64467
0.644765
0.644765
0.64486
0.64486
0.644955
0.644955
0.64505
0.645145
0.645145
0.64524
0.645335
0.64543
0.64543
0.645525
0.645525
0.64562
0.64562
0.645715
0.645715
0.64581
0.645905
0.645905
0.646
0.646095
0.646095
0.646285
0.646285
0.64638
0.64638
0.646428
0.646475
0.646475
0.64657
0.64657
0.646665
0.64676
0.64676
0.646855
0.64695
0.64695
0.647045
0.647045
0.64714
0.647235
0.647235
0.64733
0.64733
0.647425
0.647425
0.64752
0.647615
0.647615
0.64771
0.647805
0.647805
0.6479
0.6479
0.647995
0.647995
0.64809
0.648185
0.648185
0.648232
0.64828
0.64828
0.648375
0.64847
0.648565
0.64866
0.64866
0.648755
0.648755
0.64885
0.64885
0.648945
0.64904
0.64904
0.649135
0.649135
0.64923
0.64923
0.649325
0.649325
0.64942
0.64942
0.649515
0.649515
0.64961
0.64961
0.649705
0.649705
0.6498
0.649895
0.649895
0.64999
0.650085
0.650085
0.65018
0.65018
0.650275
0.650275
0.65037
0.65037
0.650465
0.650465
0.65056
0.650655
0.650655
0.650702
0.65075
0.65075
0.650845
0.650845
0.65094
0.65094
0.650988
0.651035
0.65113
0.65113
0.651225
0.65132
0.65132
0.651415
0.651415
0.65151
0.651605
0.651605
0.6517
0.6517
0.651748
0.651795
0.651795
0.65189
0.651985
0.651985
0.65208
0.65208
0.652128
0.652175
0.65227
0.65227
0.652365
0.652365
0.65246
0.65246
0.652492
0.652523
0.652555
0.652555
0.65265
0.652745
0.652745
0.65284
0.65284
0.652935
0.652935
0.65303
0.65303
0.653125
0.653125
0.65322
0.65322
0.653268
0.653315
0.65341
0.65341
0.653505
0.653505
0.6536
0.653695
0.653695
0.65379
0.653885
0.653885
0.65398
0.654075
0.654075
0.65417
0.65417
0.654217
0.654265
0.65436
0.65436
0.654455
0.654455
0.65455
0.65455
0.654645
0.654645
0.65474
0.65474
0.654835
0.654835
0.65493
0.65493
0.655025
0.65512
0.65512
0.655168
0.655215
0.655215
0.65531
0.65531
0.655405
0.655405
0.6555
0.655595
0.65569
0.65569
0.655737
0.655785
0.655785
0.65588
0.655975
0.655975
0.65607
0.65607
0.656165
0.656165
0.65626
0.65626
0.656355
0.656355
0.656387
0.656418
0.65645
0.65645
0.656545
0.656545
0.656592
0.65664
0.656735
0.656735
0.656767
0.656798
0.65683
0.65683
0.656878
0.656925
0.65702
0.65702
0.657115
0.657115
0.65721
0.657305
0.6574
0.6574
0.657447
0.657495
0.657495
0.65759
0.65759
0.657685
0.657685
0.65778
0.65778
0.657827
0.657875
0.657875
0.65797
0.65797
0.658018
0.658065
0.658065
0.65816
0.65816
0.658207
0.658255
0.658255
0.65835
0.65835
0.658445
0.658445
0.65854
0.65854
0.658635
0.658635
0.658683
0.65873
0.65873
0.658825
0.658825
0.65892
0.65892
0.659015
0.659015
0.659063
0.65911
0.65911
0.659157
0.659205
0.659205
0.6593
0.6593
0.659395
0.659395
0.65949
0.65949
0.659585
0.659585
0.65968
0.65968
0.659775
0.65987
0.65987
0.659917
0.659965
0.659965
0.659997
0.660028
0.66006
0.66006
0.660155
0.660155
0.660203
0.66025
0.66025
0.660298
0.660345
0.660345
0.660393
0.66044
0.66044
0.660488
0.660535
0.660535
0.66063
0.66063
0.660725
0.660725
0.66082
0.66082
0.660867
0.660915
0.66101
0.66101
0.661105
0.661105
0.661137
0.661168
0.6612
0.6612
0.661247
0.661295
0.661295
0.661343
0.66139
0.661485
0.661485
0.661517
0.661548
0.66158
0.66158
0.661675
0.661675
0.66177
0.66177
0.661802
0.661833
0.661865
0.661865
0.661913
0.66196
0.66196
0.661992
0.662023
0.662055
0.662055
0.66215
0.66215
0.662197
0.662245
0.662245
0.66234
0.66234
0.662435
0.662435
0.662459
0.662483
0.662506
0.66253
0.66253
0.662625
0.662625
0.662649
0.662673
0.662696
0.66272
0.66272
0.662815
0.662815
0.66291
0.66291
0.663005
0.663005
0.663037
0.663068
0.6631
0.6631
0.663147
0.663195
0.663195
0.663242
0.66329
0.66329
0.663322
0.663353
0.663385
0.663385
0.663417
0.663448
0.66348
0.66348
0.663527
0.663575
0.663575
0.663622
0.66367
0.66367
0.663718
0.663765
0.663765
0.66386
0.66386
0.663892
0.663923
0.663955
0.663955
0.66405
0.66405
0.664074
0.664097
0.664121
0.664145
0.664145
0.66424
0.66424
0.664288
0.664335
0.664335
0.664383
0.66443
0.66443
0.664525
0.664525
0.664572
0.66462
0.66462
0.664644
0.664667
0.664691
0.664715
0.664715
0.664747
0.664778
0.66481
0.66481
0.664842
0.664873
0.664905
0.664905
0.665
0.665
0.665024
0.665048
0.665071
0.665095
0.665095
0.665119
0.665143
0.665166
0.66519
0.665285
0.665285
0.665317
0.665348
0.66538
0.66538
0.665428
0.665475
0.665475
0.665507
0.665538
0.66557
0.66557
0.665602
0.665633
0.665665
0.665665
0.665712
0.66576
0.66576
0.665807
0.665855
0.665855
0.66595
0.66595
0.665969
0.665988
0.666007
0.666026
0.666045
0.666045
0.666077
0.666108
0.66614
0.66614
0.666188
0.666235
0.666235
0.666283
0.66633
0.66633
0.666346
0.666362
0.666377
0.666393
0.666409
0.666425
0.666425
0.666472
0.66652
0.66652
0.666567
0.666615
0.666615
0.666639
0.666662
0.666686
0.66671
0.66671
0.666734
0.666758
0.666781
0.666805
0.666805
0.666837
0.666868
0.6669
0.6669
0.666924
0.666947
0.666971
0.666995
0.666995
0.667009
0.667022
0.667036
0.667049
0.667063
0.667076
0.66709
0.66709
0.667138
0.667185
0.667185
0.66728
0.66728
0.667299
0.667318
0.667337
0.667356
0.667375
0.667375
0.667389
0.667402
0.667416
0.667429
0.667443
0.667456
0.66747
0.66747
0.667517
0.667565
0.667565
0.667612
0.66766
0.66766
0.667755
0.667755
0.667774
0.667793
0.667812
0.667831
0.66785
0.66785
0.667945
0.667945
0.667969
0.667992
0.668016
0.66804
0.66804
0.668064
0.668087
0.668111
0.668135
0.668135
0.668159
0.668182
0.668206
0.66823
0.66823
0.668278
0.668325
0.668325
0.668373
0.66842
0.66842
0.668452
0.668483
0.668515
0.668515
0.668563
0.66861
0.66861
0.668642
0.668673
0.668705
0.668705
0.668724
0.668743
0.668762
0.668781
0.6688
0.6688
0.668824
0.668848
0.668871
0.668895
0.668895
0.668927
0.668958
0.66899
0.66899
0.669014
0.669037
0.669061
0.669085
0.669085
0.669109
0.669132
0.669156
0.66918
0.66918
0.669194
0.669207
0.669221
0.669234
0.669248
0.669261
0.669275
0.669275
0.669294
0.669313
0.669332
0.669351
0.66937
0.66937
0.669394
0.669418
0.669441
0.669465
0.669465
0.669481
0.669497
0.669513
0.669528
0.669544
0.66956
0.66956
0.669584
0.669608
0.669631
0.669655
0.669655
0.669679
0.669703
0.669726
0.66975
0.66975
0.669774
0.669797
0.669821
0.669845
0.669845
0.669859
0.669872
0.669886
0.669899
0.669913
0.669926
0.66994
0.66994
0.669956
0.669972
0.669987
0.670003
0.670019
0.670035
0.670035
0.670067
0.670098
0.67013
0.67013
0.670146
0.670162
0.670178
0.670193
0.670209
0.670225
0.670225
0.670237
0.670249
0.670261
0.670273
0.670284
0.670296
0.670308
0.67032
0.67032
0.670329
0.670337
0.670346
0.670355
0.670363
0.670372
0.67038
0.670389
0.670398
0.670406
0.670415
0.670415
0.670439
0.670462
0.670486
0.67051
0.67051
0.670524
0.670537
0.670551
0.670564
0.670578
0.670591
0.670605
0.670605
0.670629
0.670653
0.670676
0.6707
0.6707
0.670712
0.670724
0.670736
0.670747
0.670759
0.670771
0.670783
0.670795
0.670795
0.670809
0.670822
0.670836
0.670849
0.670863
0.670876
0.67089
0.67089
0.670902
0.670914
0.670926
0.670938
0.670949
0.670961
0.670973
0.670985
0.670985
0.670996
0.671006
0.671017
0.671027
0.671038
0.671048
0.671059
0.671069
0.67108
0.67108
0.671089
0.671099
0.671108
0.671118
0.671127
0.671137
0.671147
0.671156
0.671166
0.671175
0.671175
0.671184
0.671194
0.671203
0.671213
0.671223
0.671232
0.671242
0.671251
0.671261
0.67127
0.67127
0.671277
0.671285
0.671292
0.671299
0.671307
0.671314
0.671321
0.671328
0.671336
0.671343
0.67135
0.671358
0.671365
0.671365
0.671381
0.671397
0.671412
0.671428
0.671444
0.67146
0.67146
0.671471
0.671481
0.671492
0.671502
0.671513
0.671523
0.671534
0.671544
0.671555
0.671555
0.671564
0.671572
0.671581
0.67159
0.671598
0.671607
0.671615
0.671624
0.671633
0.671641
0.67165
0.67165
0.671659
0.671667
0.671676
0.671685
0.671693
0.671702
0.67171
0.671719
0.671728
0.671736
0.671745
0.671745
0.67175
0.671754
0.671759
0.671764
0.671769
0.671773
0.671778
0.671783
0.671788
0.671793
0.671797
0.671802
0.671807
0.671812
0.671816
0.671821
0.671826
0.671831
0.671835
0.67184
0.67184
0.671849
0.671857
0.671866
0.671875
0.671883
0.671892
0.6719
0.671909
0.671918
0.671926
0.671935
0.671935
0.671939
0.671943
0.671946
0.67195
0.671954
0.671958
0.671962
0.671965
0.671969
0.671973
0.671977
0.671981
0.671984
0.671988
0.671992
0.671996
0.672
0.672003
0.672007
0.672011
0.672015
0.672019
0.672022
0.672026
0.67203
0.67203
0.672037
0.672045
0.672052
0.672059
0.672067
0.672074
0.672081
0.672088
0.672096
0.672103
0.67211
0.672118
0.672125
0.672125
0.672134
0.672144
0.672153
0.672163
0.672172
0.672182
0.672192
0.672201
0.672211
0.67222
0.67222
0.672226
0.672233
0.672239
0.672245
0.672252
0.672258
0.672264
0.672271
0.672277
0.672283
0.67229
0.672296
0.672302
0.672309
0.672315
0.672315
0.67232
0.672324
0.672329
0.672333
0.672338
0.672342
0.672347
0.672351
0.672356
0.67236
0.672365
0.672369
0.672374
0.672378
0.672383
0.672387
0.672392
0.672396
0.672401
0.672405
0.67241
0.67241
0.672413
0.672417
0.67242
0.672423
0.672426
0.67243
0.672433
0.672436
0.672439
0.672443
0.672446
0.672449
0.672453
0.672456
0.672459
0.672462
0.672466
0.672469
0.672472
0.672475
0.672479
0.672482
0.672485
0.672489
0.672492
0.672495
0.672498
0.672502
0.672505
0.672505
0.67251
0.672515
0.67252
0.672525
0.67253
0.672535
0.67254
0.672545
0.67255
0.672555
0.67256
0.672565
0.67257
0.672575
0.67258
0.672585
0.67259
0.672595
0.6726
0.6726
0.672606
0.672612
0.672618
0.672624
0.67263
0.672636
0.672642
0.672648
0.672653
0.672659
0.672665
0.672671
0.672677
0.672683
0.672689
0.672695
0.672695
0.672698
0.672701
0.672704
0.672707
0.672709
0.672712
0.672715
0.672718
0.672721
0.672724
0.672727
0.67273
0.672732
0.672735
0.672738
0.672741
0.672744
0.672747
0.67275
0.672753
0.672755
0.672758
0.672761
0.672764
0.672767
0.67277
0.672773
0.672776
0.672778
0.672781
0.672784
0.672787
0.67279
0.67279
0.672792
0.672795
0.672797
0.6728
0.672802
0.672805
0.672807
0.672809
0.672812
0.672814
0.672817
0.672819
0.672822
0.672824
0.672827
0.672829
0.672831
0.672834
0.672836
0.672839
0.672841
0.672844
0.672846
0.672848
0.672851
0.672853
0.672856
0.672858
0.672861
0.672863
0.672866
0.672868
0.67287
0.672873
0.672875
0.672878
0.67288
0.672883
0.672885
0.672885
0.672891
0.672896
0.672902
0.672907
0.672913
0.672919
0.672924
0.67293
0.672935
0.672941
0.672946
0.672952
0.672958
0.672963
0.672969
0.672974
0.67298
0.67298
0.672981
0.672981
0.672982
0.672982
0.672983
0.672983
0.672984
0.672984
0.672985
0.672985
0.672986
0.672986
0.672987
0.672987
0.672988
0.672988
0.672989
0.672989
0.67299
0.67299
0.672991
0.672991
0.672992
0.672992
0.672993
0.672993
0.672994
0.672994
0.672995
0.672996
0.672996
0.672997
0.672997
0.672998
0.672998
0.672999
0.672999
0.673
0.673
0.673001
0.673001
0.673002
0.673002
0.673003
0.673003
0.673004
0.673004
0.673005
0.673005
0.673006
0.673006
0.673007
0.673007
0.673008
0.673008
0.673009
0.673009
0.67301
0.67301
0.673011
0.673011
0.673012
0.673013
0.673013
0.673014
0.673014
0.673015
0.673015
0.673016
0.673016
0.673017
0.673017
0.673018
0.673018
0.673019
0.673019
0.67302
0.67302
0.673021
0.673021
0.673022
0.673022
0.673023
0.673023
0.673024
0.673024
0.673025
0.673025
0.673026
0.673027
0.673027
0.673028
0.673028
0.673029
0.673029
0.67303
0.67303
0.673031
0.673031
0.673032
0.673032
0.673033
0.673033
0.673034
0.673034
0.673035
0.673035
0.673036
0.673036
0.673037
0.673037
0.673038
0.673038
0.673039
0.673039
0.67304
0.67304
0.673041
0.673041
0.673042
0.673042
0.673043
0.673044
0.673044
0.673045
0.673045
0.673046
0.673046
0.673047
0.673047
0.673048
0.673048
0.673049
0.673049
0.67305
0.67305
0.673051
0.673051
0.673052
0.673052
0.673053
0.673053
0.673054
0.673054
0.673055
0.673055
0.673056
0.673056
0.673057
0.673057
0.673058
0.673059
0.673059
0.67306
0.67306
0.673061
0.673061
0.673062
0.673062
0.673063
0.673063
0.673064
0.673064
0.673065
0.673065
0.673066
0.673066
0.673067
0.673067
0.673068
0.673068
0.673069
0.673069
0.67307
0.67307
0.673071
0.673071
0.673072
0.673072
0.673073
0.673073
0.673074
0.673074
0.673075
0.673075
0.673076
0.673077
0.673078
0.673079
0.67308
0.673081
0.673081
0.673082
0.673083
0.673084
0.673085
0.673086
0.673087
0.673088
0.673089
0.67309
0.673091
0.673092
0.673093
0.673093
0.673094
0.673095
0.673096
0.673097
0.673098
0.673099
0.6731
0.673101
0.673102
0.673103
0.673104
0.673105
0.673105
0.673106
0.673107
0.673108
0.673109
0.67311
0.673111
0.673112
0.673113
0.673114
0.673115
0.673116
0.673117
0.673117
0.673118
0.673119
0.67312
0.673121
0.673122
0.673123
0.673124
0.673125
0.673126
0.673127
0.673128
0.673128
0.673129
0.67313
0.673131
0.673132
0.673133
0.673134
0.673135
0.673136
0.673137
0.673138
0.673139
0.67314
0.67314
0.673141
0.673142
0.673143
0.673144
0.673145
0.673146
0.673147
0.673148
0.673149
0.67315
0.673151
0.673152
0.673152
0.673153
0.673154
0.673155
0.673156
0.673157
0.673158
0.673159
0.67316
0.673161
0.673162
0.673163
0.673164
0.673164
0.673165
0.673166
0.673167
0.673168
0.673169
0.67317
0.67317
0.673173
0.673175
0.673178
0.673181
0.673183
0.673186
0.673188
0.673191
0.673194
0.673196
0.673199
0.673202
0.673204
0.673207
0.67321
0.673212
0.673215
0.673217
0.67322
0.673223
0.673225
0.673228
0.673231
0.673233
0.673236
0.673239
0.673241
0.673244
0.673247
0.673249
0.673252
0.673254
0.673257
0.67326
0.673262
0.673265
0.673265
0.673268
0.673271
0.673274
0.673277
0.67328
0.673283
0.673286
0.673289
0.673292
0.673295
0.673298
0.673301
0.673304
0.673307
0.67331
0.673312
0.673315
0.673318
0.673321
0.673324
0.673327
0.67333
0.673333
0.673336
0.673339
0.673342
0.673345
0.673348
0.673351
0.673354
0.673357
0.67336
0.67336
0.673372
0.673384
0.673396
0.673407
0.673419
0.673431
0.673443
0.673455
0.673455
0.673467
0.673479
0.673491
0.673503
0.673514
0.673526
0.673538
0.67355
0.67355
0.673556
0.673562
0.673568
0.673574
0.67358
0.673586
0.673592
0.673598
0.673603
0.673609
0.673615
0.673621
0.673627
0.673633
0.673639
0.673645
0.673645
0.673661
0.673677
0.673693
0.673708
0.673724
0.67374
0.67374
0.67375
0.673759
0.673769
0.673778
0.673787
0.673797
0.673806
0.673816
0.673826
0.673835
0.673835
0.673843
0.673851
0.673859
0.673867
0.673875
0.673882
0.67389
0.673898
0.673906
0.673914
0.673922
0.67393
0.67393
0.673946
0.673962
0.673977
0.673993
0.674009
0.674025
0.674025
0.674037
0.674049
0.674061
0.674073
0.674084
0.674096
0.674108
0.67412
0.67412
0.674132
0.674144
0.674156
0.674167
0.674179
0.674191
0.674203
0.674215
0.674215
0.674231
0.674247
0.674263
0.674278
0.674294
0.67431
0.67431
0.674326
0.674342
0.674358
0.674373
0.674389
0.674405
0.674405
0.674421
0.674437
0.674453
0.674468
0.674484
0.6745
0.6745
0.674524
0.674547
0.674571
0.674595
0.674595
0.674627
0.674658
0.67469
0.67469
0.674722
0.674753
0.674785
0.674785
0.674832
0.67488
0.67488
0.674927
0.674975
0.67507
0.67507
0.675117
0.675165
0.675165
0.675213
0.67526
0.675355
0.675355
0.675403
0.67545
0.67545
0.675545
0.675545
0.67564
0.67564
0.675687
0.675735
0.675735
0.675782
0.67583
0.67583
0.675877
0.675925
0.675925
0.67602
0.67602
0.676115
0.676115
0.676162
0.67621
0.67621
0.676305
0.676305
0.676329
0.676353
0.676376
0.6764
0.676495
0.676495
0.676527
0.676558
0.67659
0.67659
0.676685
0.676875
0.676875
0.67697
0.67697
0.677018
0.677065
0.67716
0.677255
0.67735
0.677445
0.677445
0.67754
0.677635
0.677635
0.67773
0.677825
0.677825
0.67792
0.67792
0.677967
0.678015
0.678015
0.67811
0.678205
0.678205
0.6783
0.6783
0.678395
0.678395
0.67849
0.67849
0.678585
0.678585
0.678632
0.67868
0.678775
0.678775
0.67887
0.67887
0.678965
0.678965
0.67906
0.679155
0.679155
0.679202
0.67925
0.679345
0.679345
0.67944
0.67944
0.679488
0.679535
0.67963
0.67963
0.679725
0.67982
0.679915
0.68001
0.68001
0.680105
0.680105
0.6802
0.680295
0.680295
0.68039
0.680485
0.680485
0.68058
0.680675
0.68077
0.680865
0.68096
0.681055
0.681245
0.681245
0.681293
0.68134
0.681435
0.68153
0.681625
0.68172
0.68172
0.681815
0.68191
0.682005
0.6821
0.6821
0.68229
0.682385
0.682385
0.68248
0.682575
0.682765
0.68286
0.68286
0.682955
0.68305
0.683145
0.68324
0.683335
0.68343
0.683715
0.68381
0.683905
0.684095
0.684285
0.68438
0.68438
0.68457
0.68457
0.68476
0.684855
0.685045
0.685045
0.68514
0.685235
0.685425
0.68552
0.68571
0.6859
0.68609
0.68628
0.68628
0.68647
0.68666
0.686755
0.68685
0.68704
0.68723
0.687515
0.68761
0.6878
0.68799
0.688085
0.68837
0.68875
0.688845
0.689035
0.689225
0.689415
0.689605
0.68989
0.690175
0.690365
0.690745
0.69103
0.69122
0.691695
0.69198
0.69217
0.692265
0.692455
0.692645
0.692835
0.69293
0.693215
0.6935
0.693595
0.693785
0.693975
0.69407
0.694355
0.69464
0.694735
0.69502
0.69559
0.695875
0.69616
0.69654
0.69673
0.697015
0.697395
0.697775
0.698155
0.69844
0.69863
0.69901
0.6992
0.69958
0.700055
0.700245
0.701195
0.70129
0.702715
0.703
0.703855
0.704045
0.70528
0.705755
0.70642
0.706705
0.706895
0.70718
0.707465
0.70756
0.707845
0.70813
0.70927
0.709745
0.71022
0.710505
0.710885
0.71136
0.71193
0.71231
0.712595
0.713165
0.713735
0.713925
0.7144
0.71478
0.715255
0.71554
0.715825
0.716585
0.717345
0.717535
0.717915
0.720195
0.720955
0.72181
0.722095
0.72257
0.72295
0.723235
0.724185
0.72504
0.726275
0.72694
0.72751
0.727985
0.72846
0.729505
0.72979
0.730265
0.730645
0.731025
0.73169
0.732545
0.732925
0.7334
0.734255
0.734635
0.73549
0.73587
0.73663
0.737105
0.73739
0.737865
0.738245
0.73853
0.73929
0.74062
0.741475
0.74252
0.743185
0.74385
0.74442
0.744705
0.745085
0.746035
0.746795
0.74727
0.74936
0.751925
0.75297
0.75335
0.754015
0.754775
0.75582
0.7562
0.756865
0.7581
0.758575
0.759525
0.76133
0.7619
0.76228
0.762565
0.763325
0.763705
0.76513
0.76589
0.766365
0.76665
0.767125
0.767695
0.76817
0.76874
0.769405
0.769975
0.770355
0.77064
0.771495
0.771685
0.771685
0.77292
0.7733
0.77349
0.77349
0.775865
0.78223
0.78375
0.787265
0.788785
0.79002
0.79135
0.794105
0.796005
0.79762
0.799805
0.80066
0.804745
0.80693
0.808735
0.810065
0.81073
0.811395
0.81206
0.81358
0.81586
0.816715
0.819375
0.821275
0.821275
0.82346
0.82688
0.82688
0.832295
0.832295
0.833197
0.8341
0.837615
0.83942
0.83942
0.844265
0.844265
0.845595
0.846925
0.846925
0.848231
0.849537
0.850844
0.85215
0.8569
0.8569
0.858082
0.859264
0.860447
0.861629
0.862811
0.863993
0.865176
0.866358
0.86754
0.86754
0.87286
0.87286
0.875827
0.878794
0.881761
0.884728
0.887695
0.890662
0.893628
0.896595
0.899562
0.902529
0.905496
0.908463
0.91143
0.914397
0.917364
0.920331
0.923298
0.926265
0.929232
0.932198
0.935165
0.938132
0.941099
0.944066
0.947033
0.95
0.95
0.95002
0.95004
0.95006
0.95008
0.9501
0.95012
0.95014
0.95016
0.95018
0.9502
0.95022
0.95024
0.95026
0.95028
0.9503
0.95032
0.95034
0.95036
0.95038
0.9504
0.95042
0.95044
0.95046
0.95048
0.9505
0.95052
0.95054
0.95056
0.95058
0.9506
0.95062
0.95064
0.95066
0.95068
0.9507
0.95072
0.95074
0.95076
0.95078
0.9508
0.95082
0.95084
0.95086
0.95088
0.9509
0.95092
0.95094
0.95096
0.95098
0.951
0.95102
0.95104
0.95106
0.95108
0.9511
0.95112
0.95114
0.95116
0.95118
0.9512
0.95122
0.95124
0.95126
0.95128
0.9513
0.95132
0.95134
0.95136
0.95138
0.9514
0.95142
0.95144
0.95146
0.95148
0.9515
0.95152
0.95154
0.95156
0.95158
0.9516
0.95162
0.95164
0.95166
0.95168
0.9517
0.95172
0.95174
0.95176
0.95178
0.9518
0.95182
0.95184
0.95186
0.95188
0.9519
0.95192
0.95194
0.95196
0.95198
0.952
0.95202
0.95204
0.95206
0.95208
0.9521
0.95212
0.95214
0.95216
0.95218
0.9522
0.95222
0.95224
0.95226
0.95228
0.9523
0.95232
0.95234
0.95236
0.95238
0.9524
0.95242
0.95244
0.95246
0.95248
0.9525
0.95252
0.95254
0.95256
0.95258
0.9526
0.95262
0.95264
0.95266
0.95268
0.9527
0.95272
0.95274
0.95276
0.95278
0.9528
0.95282
0.95284
0.95286
0.95288
0.9529
0.95292
0.95294
0.95296
0.95298
0.953
0.95302
0.95304
0.95306
0.95308
0.9531
0.95312
0.95314
0.95316
0.95318
0.9532
0.95322
0.95324
0.95326
0.95328
0.9533
0.95332
0.95334
0.95336
0.95338
0.9534
0.95342
0.95344
0.95346
0.95348
0.9535
0.95352
0.95354
0.95356
0.95358
0.9536
0.95362
0.95364
0.95366
0.95368
0.9537
0.95372
0.95374
0.95376
0.95378
0.9538
0.95382
0.95384
0.95386
0.95388
0.9539
0.95392
0.95394
0.95396
0.95398
0.954
0.95402
0.95404
0.95406
0.95408
0.9541
0.95412
0.95414
0.95416
0.95418
0.9542
0.95422
0.95424
0.95426
0.95428
0.9543
0.95432
0.95434
0.95436
0.95438
0.9544
0.95442
0.95444
0.95446
0.95448
0.9545
0.95452
0.95454
0.95456
0.95458
0.9546
0.95462
0.95464
0.95466
0.95468
0.9547
0.95472
0.95474
0.95476
0.95478
0.9548
0.95482
0.95484
0.95486
0.95488
0.9549
0.95492
0.95494
0.95496
0.95498
0.955
0.95502
0.95504
0.95506
0.95508
0.9551
0.95512
0.95514
0.95516
0.95518
0.9552
0.95522
0.95524
0.95526
0.95528
0.9553
0.95532
0.95534
0.95536
0.95538
0.9554
0.95542
0.95544
0.95546
0.95548
0.9555
0.95552
0.95554
0.95556
0.95558
0.9556
0.95562
0.95564
0.95566
0.95568
0.9557
0.95572
0.95574
0.95576
0.95578
0.9558
0.95582
0.95584
0.95586
0.95588
0.9559
0.95592
0.95594
0.95596
0.95598
0.956
0.95602
0.95604
0.95606
0.95608
0.9561
0.95612
0.95614
0.95616
0.95618
0.9562
0.95622
0.95624
0.95626
0.95628
0.9563
0.95632
0.95634
0.95636
0.95638
0.9564
0.95642
0.95644
0.95646
0.95648
0.9565
0.95652
0.95654
0.95656
0.95658
0.9566
0.95662
0.95664
0.95666
0.95668
0.9567
0.95672
0.95674
0.95676
0.95678
0.9568
0.95682
0.95684
0.95686
0.95688
0.9569
0.95692
0.95694
0.95696
0.95698
0.957
0.95702
0.95704
0.95706
0.95708
0.9571
0.95712
0.95714
0.95716
0.95718
0.9572
0.95722
0.95724
0.95726
0.95728
0.9573
0.95732
0.95734
0.95736
0.95738
0.9574
0.95742
0.95744
0.95746
0.95748
0.9575
0.95752
0.95754
0.95756
0.95758
0.9576
0.95762
0.95764
0.95766
0.95768
0.9577
0.95772
0.95774
0.95776
0.95778
0.9578
0.95782
0.95784
0.95786
0.95788
0.9579
0.95792
0.95794
0.95796
0.95798
0.958
0.95802
0.95804
0.95806
0.95808
0.9581
0.95812
0.95814
0.95816
0.95818
0.9582
0.95822
0.95824
0.95826
0.95828
0.9583
0.95832
0.95834
0.95836
0.95838
0.9584
0.95842
0.95844
0.95846
0.95848
0.9585
0.95852
0.95854
0.95856
0.95858
0.9586
0.95862
0.95864
0.95866
0.95868
0.9587
0.95872
0.95874
0.95876
0.95878
0.9588
0.95882
0.95884
0.95886
0.95888
0.9589
0.95892
0.95894
0.95896
0.95898
0.959
0.95902
0.95904
0.95906
0.95908
0.9591
0.95912
0.95914
0.95916
0.95918
0.9592
0.95922
0.95924
0.95926
0.95928
0.9593
0.95932
0.95934
0.95936
0.95938
0.9594
0.95942
0.95944
0.95946
0.95948
0.9595
0.95952
0.95954
0.95956
0.95958
0.9596
0.95962
0.95964
0.95966
0.95968
0.9597
0.95972
0.95974
0.95976
0.95978
0.9598
0.95982
0.95984
0.95986
0.95988
0.9599
0.95992
0.95994
0.95996
0.95998
