0.975161
0.0238561
0.01
0.01
0.01
0.01
0.01
0.01
0.01
0.01
0.01
0.01
0.01
0.01
0.01
0.01
0.01
0.01
0.01
0.01
0.01
0.01
0.01
0.01
0.01
0.01
0.01
0.01
0.01
0.01
0.01
0.01
0.01
0.01
0.01
0.01
0.01
0.01
0.01
0.01
0.01
0.01
0.01
0.01
0.01
0.01
0.01
0.01
0.01
0.01
0.01
0.01
0.01
0.01
0.01
0.01
0.01
0.01
0.01
0.01
0.01
0.01
0.01
0.01
0.01
0.01
0.01
0.01
0.01
0.01
0.01
0.01
0.01
0.0101283
0.0102729
0.0104176
0.0105623
0.010707
0.0108517
0.0109964
0.0111411
0.0112858
0.0114305
0.0115752
0.0117198
0.0118645
0.0120092
0.0121539
0.0122986
0.0124433
0.012588
0.0127327
0.0128774
0.013022
0.0131667
0.0133114
0.0134561
0.0136008
0.0137455
0.0138902
0.0140349
0.0141796
0.0143242
0.0144689
0.0146136
0.0147583
0.014903
0.0150477
0.0151924
0.0153371
0.0154818
0.0156265
0.0157711
0.0159158
0.0160605
0.0162052
0.0163499
0.0164946
0.0166393
0.016784
0.0169287
0.0170733
0.017218
0.0173627
0.0175074
0.0176521
0.0177968
0.0179415
0.0180862
0.0182309
0.0183756
0.0185202
0.0186649
0.0188096
0.0189543
0.019099
0.0192437
0.0193884
0.0195331
0.0196778
0.0198224
0.0199671
0.0201118
0.0202565
0.0204012
0.0205459
0.0206906
0.0208353
0.02098
0.0211246
0.0212693
0.021414
0.0215587
0.0217034
0.0218481
0.0219928
0.0221375
0.0222822
0.0224269
0.0225715
0.0227162
0.0228609
0.0230056
0.0231503
0.023295
0.0234397
0.0235844
0.0237291
0.0238737
0.0240184
0.0241631
0.0243078
0.0244525
0.0245972
0.0247419
0.0248866
0.0250313
0.025176
0.0253206
0.0254653
0.02561
0.0257547
0.0258994
0.0260441
0.0261888
0.0263335
0.0264782
0.0266228
0.0267675
0.0269122
0.0270569
0.0272016
0.0273463
0.027491
0.0276357
0.0277804
0.027925
0.0280697
0.0282144
0.0283591
0.0285038
0.0286485
0.0287932
0.0289379
0.0290826
0.0292273
0.0293719
0.0295166
0.0296613
0.029806
0.0299507
0.0300954
0.0302401
0.0303848
0.0305295
0.0306741
0.0308188
0.0309635
0.0311082
0.0312529
0.0313976
0.0315423
0.031687
0.0318317
0.0319764
0.032121
0.0322657
0.0324104
0.0325551
0.0326998
0.0328445
0.0329892
0.0331339
0.0332786
0.0334232
0.0335679
0.0337126
0.0338573
0.034002
0.0341467
0.0342914
0.0344361
0.0345808
0.0347254
0.0348701
0.0350148
0.0351595
0.0353042
0.0354489
0.0355936
0.0357383
0.035883
0.0360277
0.0361723
0.036317
0.0364617
0.0366064
0.0367511
0.0368958
0.0370405
0.0371852
0.0373299
0.0374746
0.0376192
0.0377639
0.0379086
0.0380533
0.038198
0.0383427
0.0384874
0.0386321
0.0387768
0.0389214
0.0390661
0.0392108
0.0393555
0.0395002
0.0396449
0.0397896
0.0399343
0.040079
0.0402236
0.0403683
0.040513
0.0406577
0.0408024
0.0409471
0.0410918
0.0412365
0.0413812
0.0415259
0.0416705
0.0418152
0.0419599
0.0421046
0.0422493
0.042394
0.0425387
0.0426834
0.0428281
0.0429727
0.0431174
0.0432621
0.0434068
0.0435515
0.0436962
0.0438409
0.0439856
0.0441303
0.044275
0.0444196
0.0445643
0.044709
0.0448537
0.0449984
0.0451431
0.0452878
0.0454325
0.0455772
0.0457218
0.0458665
0.0460112
0.0461559
0.0463006
0.0464453
0.04659
0.0467347
0.0468794
0.047024
0.0471687
0.0473134
0.0474581
0.0476028
0.0477475
0.0478922
0.0480369
0.0481816
0.0483263
0.0484709
0.0486156
0.0487603
0.048905
0.0490497
0.0491944
0.0493391
0.0494838
0.0496285
0.0497731
0.0499178
0.0500625
0.0502072
0.0503519
0.0504966
0.0506413
0.050786
0.0509307
0.0510754
0.05122
0.0513647
0.0515094
0.0516541
0.0517988
0.0519435
0.0520882
0.0522329
0.0523776
0.0525222
0.0526669
0.0528116
0.0529563
0.053101
0.0532457
0.0533904
0.0535351
0.0536798
0.0538245
0.0539691
0.0541138
0.0542585
0.0544032
0.0545479
0.0546926
0.0548373
0.054982
0.0551267
0.0552713
0.055416
0.0555607
0.0557054
0.0558501
0.0559948
0.0561395
0.0562842
0.0564289
0.0565735
0.0567182
0.0568629
0.0570076
0.0571523
0.057297
0.0574417
0.0575864
0.0577311
0.0578758
0.0580204
0.0581651
0.0583098
0.0584545
0.0585992
0.0587439
0.0588886
0.0590333
0.059178
0.0593226
0.0594673
0.059612
0.0597567
0.0599014
0.0600461
0.0601908
0.0603355
0.0604802
0.0606248
0.0607695
0.0609142
0.0610589
0.0612036
0.0613483
0.061493
0.0616377
0.0617824
0.0619271
0.0620717
0.0622164
0.0623611
0.0625058
0.0626505
0.0627952
0.0629399
0.0630846
0.0632293
0.0633739
0.0635186
0.0636633
0.063808
0.0639527
0.0640974
0.0642421
0.0643868
0.0645315
0.0646762
0.0648208
0.0649655
0.0651102
0.0652549
0.0653996
0.0655443
0.065689
0.0658337
0.0659784
0.066123
0.0662677
0.0664124
0.0665571
0.0667018
0.0668465
0.0669912
0.0671359
0.0672806
0.0674253
0.0675699
0.0677146
0.0678593
0.068004
0.0681487
0.0682934
0.0684381
0.0685828
0.0687275
0.0688721
0.0690168
0.0691615
0.0693062
0.0694509
0.0695956
0.0697403
0.069885
0.0700297
0.0701743
0.070319
0.0704637
0.0706084
0.0707531
0.0708978
0.0710425
0.0711872
0.0713319
0.0714766
0.0716212
0.0717659
0.0719106
0.0720553
0.0722
0.0722
0.0723988
0.0725977
0.0727965
0.0729953
0.0731942
0.073393
0.0735919
0.0737907
0.0739895
0.0741884
0.0743872
0.074586
0.0747849
0.0749837
0.0751826
0.0753814
0.0755802
0.0757791
0.0759779
0.0761767
0.0763756
0.0765744
0.0767733
0.0769721
0.0771709
0.0773698
0.0775686
0.0777674
0.0779663
0.0781651
0.078364
0.0785628
0.0787616
0.0789605
0.0791593
0.0793581
0.079557
0.0797558
0.0799547
0.0801535
0.0803523
0.0805512
0.08075
0.08075
0.0811979
0.0816457
0.0820936
0.0825414
0.0829893
0.0834371
0.083885
0.0843329
0.0847807
0.0852286
0.0856764
0.0861243
0.0865721
0.08702
0.08702
0.0877121
0.0884043
0.0890964
0.0897886
0.0904807
0.0911729
0.091865
0.091865
0.0920692
0.0922735
0.0924777
0.092682
0.0928862
0.0930905
0.0932947
0.093499
0.0937032
0.0939075
0.0941117
0.094316
0.0945202
0.0947245
0.0949287
0.095133
0.0953372
0.0955415
0.0957457
0.09595
0.09595
0.09937
0.09937
0.0997078
0.100046
0.100383
0.100721
0.101059
0.101397
0.101734
0.102072
0.10241
0.10241
0.10507
0.10507
0.105687
0.106305
0.106923
0.10754
0.10754
0.107904
0.108268
0.108633
0.108997
0.109361
0.109725
0.109725
0.109868
0.11001
0.110153
0.110295
0.110438
0.11058
0.110723
0.110865
0.111008
0.11115
0.111293
0.111435
0.111578
0.11172
0.11172
0.11191
0.1121
0.11229
0.11248
0.11267
0.11286
0.11305
0.11324
0.11343
0.11362
0.11362
0.11419
0.11476
0.11533
0.11533
0.115574
0.115819
0.116063
0.116307
0.116551
0.116796
0.11704
0.11856
0.11856
0.119035
0.11951
0.119985
0.119985
0.121315
0.122645
0.122645
0.12388
0.12388
0.12445
0.12502
0.12502
0.1254
0.12578
0.12616
0.127205
0.127205
0.127466
0.127728
0.127989
0.12825
0.129295
0.129295
0.130245
0.130245
0.13034
0.130435
0.13053
0.130625
0.13072
0.130815
0.13091
0.131005
0.1311
0.131195
0.131195
0.13205
0.13205
0.132905
0.13376
0.13376
0.134615
0.134615
0.135375
0.135375
0.135755
0.136135
0.136515
0.136895
0.13756
0.13832
0.13832
0.13965
0.140315
0.140315
0.140537
0.140758
0.14098
0.14212
0.142785
0.142785
0.14307
0.143355
0.143925
0.143925
0.14402
0.144115
0.14421
0.144305
0.1444
0.144495
0.14554
0.14554
0.14611
0.14611
0.146347
0.146585
0.14763
0.14763
0.148105
0.148105
0.14858
0.149055
0.149055
0.149292
0.14953
0.150005
0.150005
0.150385
0.150385
0.15086
0.151335
0.15257
0.15295
0.15295
0.15333
0.153805
0.154945
0.155325
0.155325
0.155515
0.155705
0.155705
0.156085
0.156085
0.156156
0.156227
0.156299
0.15637
0.15675
0.15675
0.156877
0.157003
0.15713
0.15713
0.15751
0.15751
0.15846
0.159125
0.159125
0.159505
0.15979
0.160455
0.160455
0.160598
0.16074
0.16074
0.16093
0.16112
0.16131
0.16131
0.16169
0.16169
0.161833
0.161975
0.161975
0.16226
0.16226
0.162403
0.162545
0.162545
0.16283
0.163115
0.163115
0.1634
0.163685
0.163685
0.16397
0.164255
0.16454
0.16454
0.165015
0.165015
0.16511
0.165205
0.1653
0.1653
0.16587
0.16587
0.165965
0.16606
0.166345
0.166345
0.16682
0.16682
0.167105
0.16739
0.167865
0.168055
0.168055
0.16834
0.169005
0.16929
0.16929
0.16948
0.169765
0.169955
0.170145
0.17043
0.17043
0.17062
0.17081
0.17081
0.170952
0.171095
0.171095
0.171285
0.17195
0.17214
0.17214
0.17233
0.17252
0.17271
0.17271
0.173043
0.173375
0.173375
0.173565
0.173755
0.173945
0.174135
0.174325
0.174515
0.174895
0.175085
0.175275
0.175845
0.176225
0.176225
0.176605
0.176985
0.176985
0.17708
0.17765
0.17803
0.17822
0.178885
0.17917
0.179645
0.179835
0.179835
0.17993
0.180025
0.18031
0.18031
0.1805
0.180975
0.18126
0.18126
0.181355
0.18145
0.181545
0.181545
0.181735
0.181735
0.181925
0.18202
0.18259
0.18278
0.18335
0.183635
0.183825
0.184205
0.18449
0.184775
0.18506
0.185345
0.18544
0.185915
0.18639
0.186675
0.18677
0.187055
0.18715
0.18753
0.18772
0.18791
0.18791
0.1881
0.188385
0.188575
0.18867
0.188955
0.18905
0.18924
0.18924
0.18943
0.189715
0.189905
0.189905
0.19
0.190095
0.19038
0.19057
0.19057
0.19076
0.19171
0.191995
0.192185
0.192375
0.192565
0.19266
0.19304
0.193135
0.193515
0.193705
0.19399
0.19418
0.194465
0.194465
0.19456
0.194655
0.19494
0.195035
0.195035
0.19513
0.195225
0.195795
0.195985
0.195985
0.19627
0.196365
0.196365
0.19665
0.196745
0.19703
0.197125
0.19722
0.19722
0.197505
0.197695
0.198075
0.198075
0.19836
0.198455
0.19855
0.198835
0.19912
0.19931
0.1995
0.199595
0.199785
0.200165
0.20045
0.200545
0.200735
0.20102
0.20102
0.201115
0.20121
0.2014
0.201495
0.20178
0.20178
0.201875
0.20216
0.202445
0.20254
0.202825
0.203015
0.203205
0.203395
0.203775
0.20387
0.20406
0.20406
0.204345
0.20444
0.20444
0.204535
0.204725
0.204915
0.204915
0.205105
0.205105
0.2052
0.20539
0.20539
0.20558
0.20577
0.206055
0.20653
0.207005
0.20729
0.20748
0.207575
0.207765
0.207955
0.20824
0.208525
0.20862
0.20881
0.209095
0.209285
0.209665
0.20995
0.210045
0.21014
0.21033
0.21052
0.210615
0.21071
0.2109
0.21128
0.21147
0.21185
0.212135
0.212325
0.212515
0.21261
0.212895
0.21318
0.21318
0.213465
0.213465
0.213655
0.21394
0.214035
0.214225
0.21432
0.21451
0.2147
0.214985
0.21527
0.215365
0.21565
0.21584
0.21584
0.216125
0.216315
0.216505
0.21679
0.21698
0.21717
0.217455
0.21774
0.21793
0.21812
0.21831
0.218595
0.218785
0.218975
0.21907
0.219165
0.219545
0.21964
0.219735
0.219925
0.22002
0.220115
0.22021
0.2204
0.220495
0.220685
0.22078
0.22097
0.221255
0.221445
0.22173
0.221825
0.22192
0.222015
0.222205
0.222395
0.222395
0.222775
0.22287
0.22306
0.223155
0.223345
0.22344
0.223725
0.22401
0.2242
0.224295
0.22458
0.22477
0.224865
0.225055
0.225055
0.225245
0.22534
0.22553
0.225625
0.22572
0.225815
0.226005
0.2261
0.22629
0.22648
0.226575
0.226765
0.22705
0.22724
0.227525
0.227715
0.228
0.22838
0.228475
0.228665
0.22876
0.228855
0.22914
0.229425
0.229425
0.22952
0.229615
0.2299
0.2299
0.230185
0.230375
0.23047
0.230945
0.23104
0.231325
0.23142
0.23161
0.231895
0.23199
0.232085
0.232275
0.232465
0.232655
0.23275
0.23294
0.233225
0.233415
0.2337
0.233985
0.23427
0.234365
0.23446
0.23465
0.23484
0.23503
0.235315
0.23541
0.2356
0.235695
0.23598
0.236075
0.23636
0.236455
0.236645
0.23693
0.237025
0.237215
0.237405
0.237595
0.23788
0.23788
0.23807
0.23807
0.23826
0.238355
0.23864
0.238925
0.239115
0.2394
0.23978
0.23997
0.24016
0.24054
0.240635
0.240825
0.241015
0.24111
0.2413
0.241395
0.241585
0.241965
0.24206
0.242345
0.242345
0.242535
0.24282
0.242915
0.243105
0.243485
0.24377
0.244055
0.244435
0.244625
0.24472
0.2451
0.245195
0.245385
0.245575
0.24586
0.245955
0.246145
0.24624
0.24643
0.24662
0.24681
0.247
0.247285
0.24738
0.247475
0.24776
0.24795
0.24814
0.24833
0.248615
0.2489
0.248995
0.24928
0.24947
0.249755
0.249945
0.25004
0.250325
0.25061
0.250705
0.250895
0.251085
0.25137
0.25156
0.251655
0.25194
0.252225
0.25251
0.252605
0.25289
0.252985
0.25327
0.25346
0.25365
0.253935
0.25403
0.25422
0.25441
0.2546
0.254885
0.25498
0.255265
0.25536
0.255645
0.25574
0.25593
0.256025
0.256215
0.256405
0.256595
0.256785
0.256975
0.25726
0.25745
0.25764
0.25783
0.25802
0.258305
0.258495
0.25859
0.25878
0.25897
0.259065
0.259255
0.25954
0.25973
0.260015
0.26011
0.2603
0.260585
0.26068
0.260965
0.261155
0.261345
0.26163
0.26182
0.261915
0.262295
0.26239
0.262675
0.26277
0.26296
0.263245
0.263435
0.263625
0.26391
0.264195
0.264385
0.264575
0.264765
0.264955
0.265145
0.265335
0.265525
0.265715
0.266
0.266285
0.266475
0.26657
0.26676
0.26695
0.267045
0.26733
0.26752
0.26771
0.267805
0.26809
0.268185
0.26847
0.26866
0.26885
0.26904
0.26923
0.269325
0.269515
0.269705
0.269895
0.270085
0.270275
0.270465
0.270655
0.270845
0.271035
0.27113
0.27132
0.27151
0.271795
0.27189
0.272175
0.27227
0.27246
0.27265
0.27284
0.272935
0.273125
0.273315
0.273505
0.273695
0.273885
0.27398
0.27417
0.274265
0.274455
0.274645
0.27474
0.27493
0.27512
0.27531
0.2755
0.275785
0.275975
0.276165
0.276355
0.276545
0.276735
0.27683
0.27702
0.27721
0.277305
0.277495
0.27778
0.277875
0.278065
0.27835
0.27854
0.278635
0.27892
0.27911
0.2793
0.27949
0.27968
0.27987
0.28006
0.28025
0.28044
0.28063
0.280725
0.280915
0.2812
0.28139
0.281485
0.281675
0.281865
0.282055
0.28234
0.28253
0.282625
0.28291
0.283005
0.2831
0.28329
0.283575
0.28367
0.283765
0.283955
0.28424
0.28443
0.28462
0.284715
0.28481
0.285
0.285095
0.28538
0.285475
0.285665
0.285855
0.286045
0.286235
0.28633
0.286425
0.286615
0.286805
0.286995
0.287185
0.28747
0.28766
0.287755
0.28785
0.28804
0.288325
0.28842
0.288515
0.288705
0.288895
0.28899
0.28918
0.28937
0.28956
0.289655
0.289845
0.290035
0.29032
0.290415
0.290605
0.290795
0.290985
0.291175
0.29127
0.291555
0.29165
0.291745
0.291935
0.292125
0.292315
0.29241
0.2926
0.29279
0.293075
0.293265
0.293455
0.293645
0.293835
0.294025
0.29412
0.294215
0.294405
0.29469
0.29488
0.29507
0.29526
0.295355
0.29564
0.29583
0.296115
0.296305
0.296495
0.296685
0.29678
0.29697
0.297065
0.297255
0.297445
0.297635
0.297825
0.298015
0.298205
0.2983
0.29849
0.29868
0.298775
0.298965
0.299155
0.299345
0.299535
0.299725
0.299915
0.300105
0.3002
0.30039
0.30058
0.300675
0.300865
0.30096
0.30115
0.301245
0.301435
0.30153
0.30172
0.30191
0.3021
0.30229
0.30248
0.30267
0.30286
0.30305
0.30324
0.30343
0.303525
0.303715
0.30381
0.304
0.30419
0.30438
0.30457
0.304665
0.304855
0.305045
0.30514
0.30533
0.30552
0.30571
0.3059
0.305995
0.306185
0.306375
0.306565
0.306755
0.30685
0.307135
0.30723
0.307515
0.30761
0.3078
0.307895
0.308085
0.308275
0.308465
0.308655
0.30875
0.30894
0.30913
0.309225
0.309415
0.30951
0.3097
0.30989
0.309985
0.310175
0.310365
0.310555
0.31065
0.31084
0.31103
0.311315
0.31141
0.3116
0.311695
0.311885
0.31198
0.31217
0.31236
0.31255
0.31274
0.312835
0.313025
0.313215
0.313405
0.313595
0.313785
0.313975
0.31407
0.314165
0.314355
0.314545
0.31464
0.31483
0.314925
0.315115
0.31521
0.3154
0.31559
0.315685
0.315875
0.316065
0.316255
0.316445
0.316635
0.31673
0.31692
0.317015
0.317205
0.317395
0.31749
0.31768
0.31787
0.31806
0.31825
0.31844
0.31863
0.31882
0.31901
0.319105
0.319295
0.319485
0.319675
0.31977
0.31996
0.32015
0.320245
0.320435
0.320625
0.320815
0.32091
0.3211
0.321195
0.321385
0.321575
0.32167
0.32186
0.32205
0.322145
0.322335
0.32243
0.32262
0.32281
0.322905
0.323
0.32319
0.32338
0.323475
0.323665
0.32376
0.32395
0.32414
0.32433
0.324425
0.324615
0.324805
0.324995
0.32509
0.32528
0.32547
0.32566
0.325755
0.325945
0.326135
0.32623
0.32642
0.326515
0.326705
0.326895
0.32699
0.32718
0.327275
0.327465
0.327655
0.32775
0.32794
0.32813
0.328225
0.328415
0.328605
0.328795
0.328985
0.32908
0.32927
0.32946
0.329555
0.329745
0.329935
0.330125
0.33022
0.33041
0.330505
0.330695
0.330885
0.33098
0.33117
0.331265
0.331455
0.33155
0.33174
0.331835
0.332025
0.332215
0.332405
0.3325
0.33269
0.332785
0.332975
0.333165
0.333355
0.33345
0.33364
0.333735
0.333925
0.334115
0.334305
0.3344
0.33459
0.334685
0.33478
0.33497
0.33516
0.33535
0.33554
0.335635
0.335825
0.33592
0.33611
0.336205
0.3363
0.336395
0.336585
0.336775
0.33687
0.33706
0.33725
0.33744
0.33763
0.337725
0.337915
0.33801
0.3382
0.338295
0.338485
0.33858
0.33877
0.338865
0.33896
0.33915
0.339245
0.339435
0.33953
0.33972
0.339815
0.340005
0.340195
0.34029
0.340385
0.340575
0.34067
0.34086
0.340955
0.341145
0.34124
0.34143
0.341525
0.341715
0.341905
0.342
0.34219
0.342285
0.342475
0.34257
0.34276
0.34295
0.34314
0.343235
0.34333
0.343425
0.343615
0.34371
0.343805
0.343995
0.34409
0.34428
0.34447
0.344565
0.34466
0.34485
0.344945
0.345135
0.34523
0.34542
0.34561
0.345705
0.3458
0.34599
0.346085
0.34618
0.34637
0.34656
0.346655
0.346845
0.34694
0.34713
0.34732
0.34751
0.347605
0.347795
0.34789
0.34808
0.348175
0.348365
0.34846
0.348555
0.348745
0.348935
0.34903
0.349125
0.34922
0.34941
0.349505
0.349695
0.34979
0.34998
0.350075
0.350265
0.350455
0.350645
0.35074
0.350835
0.351025
0.35112
0.35131
0.351405
0.3515
0.35169
0.35188
0.351975
0.35207
0.35226
0.352355
0.352545
0.35264
0.35283
0.352925
0.35302
0.35321
0.353305
0.3534
0.35359
0.353685
0.353875
0.35397
0.35416
0.354255
0.35435
0.354445
0.354635
0.35473
0.35492
0.355015
0.355205
0.3553
0.355395
0.35549
0.35568
0.355775
0.355965
0.35606
0.35625
0.356345
0.35644
0.35663
0.356725
0.356915
0.35701
0.3572
0.35739
0.357485
0.35758
0.35777
0.357865
0.35796
0.35815
0.358245
0.358435
0.35853
0.358625
0.35872
0.35891
0.359005
0.359195
0.35929
0.359385
0.35948
0.359575
0.35967
0.35986
0.359955
0.36005
0.36024
0.360335
0.36043
0.36062
0.360715
0.36081
0.361
0.361095
0.36119
0.361285
0.36138
0.36157
0.361665
0.361855
0.36195
0.36214
0.362235
0.36233
0.36252
0.362615
0.36271
0.362805
0.3629
0.362995
0.36309
0.36328
0.363375
0.36347
0.363565
0.363755
0.36385
0.363945
0.36404
0.364135
0.36423
0.36442
0.364515
0.36461
0.3648
0.364895
0.36499
0.36518
0.365275
0.36537
0.365465
0.36556
0.36575
0.365845
0.36594
0.36594
0.36613
0.366225
0.36632
0.36651
0.366605
0.3667
0.366795
0.36689
0.366985
0.367175
0.36727
0.367365
0.36746
0.367555
0.367745
0.36784
0.367935
0.36803
0.368125
0.36822
0.36841
0.368505
0.3686
0.368695
0.36879
0.368885
0.36898
0.369075
0.36917
0.369265
0.36936
0.36955
0.369645
0.36974
0.369835
0.36993
0.370025
0.370215
0.37031
0.370405
0.3705
0.370595
0.37069
0.370785
0.370975
0.37107
0.371165
0.37126
0.37145
0.371545
0.37164
0.371735
0.37183
0.371925
0.37202
0.37221
0.372305
0.3724
0.372495
0.37259
0.37278
0.372875
0.37297
0.373065
0.37316
0.373255
0.37335
0.373445
0.37354
0.373635
0.37373
0.373825
0.37392
0.37411
0.374205
0.3743
0.374395
0.37449
0.374585
0.37468
0.374775
0.374965
0.37506
0.375155
0.37525
0.375345
0.37544
0.375535
0.37563
0.375725
0.37582
0.375915
0.376105
0.3762
0.376295
0.37639
0.376485
0.37658
0.376675
0.37677
0.376865
0.37696
0.377055
0.37715
0.377245
0.37734
0.377435
0.37753
0.377625
0.377815
0.377815
0.37791
0.378005
0.3781
0.378195
0.378385
0.37848
0.378575
0.37867
0.378765
0.378765
0.37886
0.378955
0.37905
0.379145
0.37924
0.379335
0.37943
0.37943
0.379525
0.37962
0.379715
0.37981
0.379905
0.38
0.380095
0.38019
0.380285
0.38038
0.380475
0.380475
0.38057
0.380665
0.38076
0.380855
0.38095
0.381045
0.38114
0.381235
0.38133
0.381425
0.381425
0.38152
0.381615
0.38171
0.381805
0.3819
0.381995
0.38209
0.38209
0.382185
0.38228
0.382375
0.38247
0.382565
0.38266
0.382755
0.38285
0.382945
0.38304
0.383135
0.38323
0.383325
0.38342
0.383515
0.38361
0.38361
0.3838
0.3838
0.383895
0.38399
0.384085
0.38418
0.384275
0.384275
0.38437
0.384465
0.38456
0.384655
0.384655
0.38475
0.384845
0.38494
0.385035
0.38513
0.385225
0.38532
0.38532
0.385415
0.38551
0.385605
0.3857
0.3857
0.385795
0.38589
0.385985
0.385985
0.38608
0.386175
0.38627
0.38627
0.386365
0.38646
0.386555
0.38665
0.386745
0.386745
0.38684
0.386935
0.386935
0.38703
0.387125
0.38722
0.38722
0.387315
0.38741
0.387505
0.3876
0.387695
0.387695
0.38779
0.387885
0.38798
0.38798
0.388075
0.38817
0.38817
0.388265
0.38836
0.388455
0.388455
0.38855
0.388645
0.38874
0.38874
0.388835
0.38893
0.38893
0.389025
0.389025
0.38912
0.389215
0.38931
0.38931
0.389405
0.389405
0.3895
0.389595
0.389595
0.38969
0.389785
0.38988
0.38988
0.389975
0.39007
0.39007
0.390165
0.39026
0.39026
0.390355
0.39045
0.390545
0.390545
0.39064
0.390735
0.39083
0.39083
0.390925
0.39102
0.39102
0.391115
0.391115
0.39121
0.391305
0.391305
0.3914
0.3914
0.391495
0.39159
0.39159
0.391685
0.39178
0.39178
0.391875
0.391875
0.39197
0.392065
0.392065
0.39216
0.39216
0.392255
0.39235
0.39235
0.392445
0.392445
0.39254
0.39254
0.392635
0.39273
0.39273
0.392825
0.392825
0.39292
0.39292
0.393015
0.39311
0.39311
0.393205
0.393205
0.3933
0.393395
0.393395
0.39349
0.39349
0.393538
0.393585
0.39368
0.39368
0.393775
0.393775
0.39387
0.393965
0.393965
0.39406
0.39406
0.394155
0.394155
0.39425
0.39425
0.394345
0.394345
0.39444
0.39444
0.394535
0.394535
0.39463
0.39463
0.394725
0.394725
0.39482
0.394915
0.394915
0.394962
0.39501
0.39501
0.395105
0.395105
0.3952
0.395295
0.395295
0.39539
0.39539
0.395437
0.395485
0.395485
0.39558
0.39558
0.395675
0.395675
0.39577
0.39577
0.395865
0.395865
0.39596
0.396055
0.396055
0.396102
0.39615
0.39615
0.396245
0.396245
0.39634
0.39634
0.396435
0.396435
0.39653
0.39653
0.396577
0.396625
0.396625
0.39672
0.39672
0.396767
0.396815
0.39691
0.39691
0.396958
0.397005
0.397005
0.397052
0.3971
0.3971
0.397195
0.397195
0.39729
0.39729
0.397337
0.397385
0.397385
0.397433
0.39748
0.39748
0.397575
0.397575
0.397623
0.39767
0.39767
0.397765
0.397765
0.397812
0.39786
0.39786
0.397955
0.397955
0.398003
0.39805
0.39805
0.398098
0.398145
0.398145
0.39824
0.39824
0.398287
0.398335
0.398335
0.398382
0.39843
0.39843
0.398477
0.398525
0.398525
0.39862
0.39862
0.398668
0.398715
0.398715
0.398762
0.39881
0.39881
0.398842
0.398873
0.398905
0.398905
0.398952
0.399
0.399
0.399047
0.399095
0.399095
0.399143
0.39919
0.39919
0.399285
0.399285
0.399317
0.399348
0.39938
0.39938
0.399412
0.399443
0.399475
0.399475
0.399522
0.39957
0.39957
0.399617
0.399665
0.399665
0.399697
0.399728
0.39976
0.39976
0.399792
0.399823
0.399855
0.399855
0.399887
0.399918
0.39995
0.39995
0.399997
0.400045
0.400045
0.400077
0.400108
0.40014
0.40014
0.400187
0.400235
0.400235
0.400283
0.40033
0.40033
0.400354
0.400378
0.400401
0.400425
0.400425
0.400457
0.400488
0.40052
0.40052
0.400544
0.400568
0.400591
0.400615
0.400615
0.400647
0.400678
0.40071
0.40071
0.400757
0.400805
0.400805
0.400829
0.400853
0.400876
0.4009
0.4009
0.400919
0.400938
0.400957
0.400976
0.400995
0.400995
0.401027
0.401058
0.40109
0.40109
0.401109
0.401128
0.401147
0.401166
0.401185
0.401185
0.401217
0.401248
0.40128
0.40128
0.401299
0.401318
0.401337
0.401356
0.401375
0.401375
0.401407
0.401438
0.40147
0.40147
0.401494
0.401518
0.401541
0.401565
0.401565
0.401589
0.401612
0.401636
0.40166
0.40166
0.401674
0.401687
0.401701
0.401714
0.401728
0.401741
0.401755
0.401755
0.401787
0.401818
0.40185
0.40185
0.401866
0.401882
0.401897
0.401913
0.401929
0.401945
0.401945
0.401964
0.401983
0.402002
0.402021
0.40204
0.40204
0.402056
0.402072
0.402088
0.402103
0.402119
0.402135
0.402135
0.402159
0.402183
0.402206
0.40223
0.40223
0.402242
0.402254
0.402266
0.402278
0.402289
0.402301
0.402313
0.402325
0.402325
0.402341
0.402357
0.402372
0.402388
0.402404
0.40242
0.40242
0.402434
0.402447
0.402461
0.402474
0.402488
0.402501
0.402515
0.402515
0.402531
0.402547
0.402562
0.402578
0.402594
0.40261
0.40261
0.402624
0.402637
0.402651
0.402664
0.402678
0.402691
0.402705
0.402705
0.402717
0.402729
0.402741
0.402753
0.402764
0.402776
0.402788
0.4028
0.4028
0.402816
0.402832
0.402847
0.402863
0.402879
0.402895
0.402895
0.402907
0.402919
0.402931
0.402942
0.402954
0.402966
0.402978
0.40299
0.40299
0.403001
0.403011
0.403022
0.403032
0.403043
0.403053
0.403064
0.403074
0.403085
0.403085
0.403095
0.403104
0.403113
0.403123
0.403132
0.403142
0.403152
0.403161
0.40317
0.40318
0.40318
0.403192
0.403204
0.403216
0.403228
0.403239
0.403251
0.403263
0.403275
0.403275
0.403277
0.403279
0.403281
0.403283
0.403285
0.403287
0.403289
0.403291
0.403293
0.403295
0.403297
0.403299
0.403301
0.403303
0.403305
0.403307
0.403309
0.403311
0.403313
0.403315
0.403317
0.403319
0.403321
0.403324
0.403326
0.403328
0.40333
0.403332
0.403334
0.403336
0.403338
0.40334
0.403342
0.403344
0.403346
0.403348
0.40335
0.403352
0.403354
0.403356
0.403358
0.40336
0.403362
0.403364
0.403366
0.403368
0.40337
0.40337
0.403384
0.403398
0.403412
0.403426
0.40344
0.403454
0.403468
0.403482
0.403496
0.40351
0.403524
0.403538
0.403552
0.403566
0.40358
0.403594
0.403607
0.403621
0.403635
0.403649
0.403663
0.403677
0.403691
0.403705
0.403719
0.403733
0.403747
0.403761
0.403775
0.403789
0.403803
0.403817
0.403831
0.403845
0.403845
0.403855
0.403864
0.403874
0.403883
0.403893
0.403902
0.403912
0.403921
0.40393
0.40394
0.40394
0.403949
0.403957
0.403966
0.403975
0.403983
0.403992
0.404
0.404009
0.404018
0.404026
0.404035
0.404035
0.404046
0.404056
0.404067
0.404077
0.404088
0.404098
0.404109
0.404119
0.40413
0.40413
0.404141
0.404151
0.404162
0.404172
0.404183
0.404193
0.404204
0.404214
0.404225
0.404225
0.404234
0.404242
0.404251
0.40426
0.404268
0.404277
0.404285
0.404294
0.404303
0.404311
0.40432
0.40432
0.404328
0.404336
0.404344
0.404352
0.40436
0.404368
0.404375
0.404383
0.404391
0.404399
0.404407
0.404415
0.404415
0.404426
0.404436
0.404447
0.404457
0.404468
0.404478
0.404489
0.404499
0.40451
0.40451
0.404524
0.404537
0.404551
0.404564
0.404578
0.404591
0.404605
0.404605
0.404615
0.404624
0.404633
0.404643
0.404653
0.404662
0.404672
0.404681
0.404691
0.4047
0.4047
0.404712
0.404724
0.404736
0.404747
0.404759
0.404771
0.404783
0.404795
0.404795
0.404807
0.404819
0.404831
0.404842
0.404854
0.404866
0.404878
0.40489
0.40489
0.404904
0.404917
0.404931
0.404944
0.404958
0.404971
0.404985
0.404985
0.404999
0.405012
0.405026
0.405039
0.405053
0.405066
0.40508
0.40508
0.405094
0.405107
0.405121
0.405134
0.405148
0.405161
0.405175
0.405175
0.405191
0.405207
0.405223
0.405238
0.405254
0.40527
0.40527
0.405282
0.405294
0.405306
0.405317
0.405329
0.405341
0.405353
0.405365
0.405365
0.405377
0.405389
0.405401
0.405412
0.405424
0.405436
0.405448
0.40546
0.40546
0.405474
0.405487
0.405501
0.405514
0.405528
0.405541
0.405555
0.405555
0.405569
0.405582
0.405596
0.405609
0.405623
0.405636
0.40565
0.40565
0.405664
0.405677
0.405691
0.405704
0.405718
0.405731
0.405745
0.405745
0.405761
0.405777
0.405792
0.405808
0.405824
0.40584
0.40584
0.405859
0.405878
0.405897
0.405916
0.405935
0.405935
0.405949
0.405962
0.405976
0.405989
0.406003
0.406016
0.40603
0.40603
0.406044
0.406057
0.406071
0.406084
0.406098
0.406111
0.406125
0.406125
0.406144
0.406163
0.406182
0.406201
0.40622
0.40622
0.406234
0.406247
0.406261
0.406274
0.406288
0.406301
0.406315
0.406315
0.406334
0.406353
0.406372
0.406391
0.40641
0.40641
0.406426
0.406442
0.406457
0.406473
0.406489
0.406505
0.406505
0.406517
0.406529
0.406541
0.406552
0.406564
0.406576
0.406588
0.4066
0.4066
0.406616
0.406632
0.406648
0.406663
0.406679
0.406695
0.406695
0.406711
0.406727
0.406743
0.406758
0.406774
0.40679
0.40679
0.406806
0.406822
0.406838
0.406853
0.406869
0.406885
0.406885
0.406899
0.406912
0.406926
0.406939
0.406953
0.406966
0.40698
0.40698
0.406999
0.407018
0.407037
0.407056
0.407075
0.407075
0.407091
0.407107
0.407122
0.407138
0.407154
0.40717
0.40717
0.407189
0.407208
0.407227
0.407246
0.407265
0.407265
0.407281
0.407297
0.407313
0.407328
0.407344
0.40736
0.40736
0.407379
0.407398
0.407417
0.407436
0.407455
0.407455
0.407487
0.407518
0.40755
0.40755
0.407569
0.407588
0.407607
0.407626
0.407645
0.407645
0.407664
0.407683
0.407702
0.407721
0.40774
0.40774
0.407759
0.407778
0.407797
0.407816
0.407835
0.407835
0.407851
0.407867
0.407883
0.407898
0.407914
0.40793
0.40793
0.407962
0.407993
0.408025
0.408025
0.408041
0.408057
0.408073
0.408088
0.408104
0.40812
0.40812
0.408144
0.408167
0.408191
0.408215
0.408215
0.408229
0.408242
0.408256
0.408269
0.408283
0.408296
0.40831
0.40831
0.408334
0.408358
0.408381
0.408405
0.408405
0.408424
0.408443
0.408462
0.408481
0.4085
0.4085
0.408524
0.408548
0.408571
0.408595
0.408595
0.408614
0.408633
0.408652
0.408671
0.40869
0.40869
0.408709
0.408728
0.408747
0.408766
0.408785
0.408785
0.408804
0.408823
0.408842
0.408861
0.40888
0.40888
0.408904
0.408928
0.408951
0.408975
0.408975
0.408994
0.409013
0.409032
0.409051
0.40907
0.40907
0.409094
0.409117
0.409141
0.409165
0.409165
0.409189
0.409212
0.409236
0.40926
0.40926
0.409284
0.409308
0.409331
0.409355
0.409355
0.409387
0.409418
0.40945
0.40945
0.409474
0.409497
0.409521
0.409545
0.409545
0.409561
0.409577
0.409593
0.409608
0.409624
0.40964
0.40964
0.409672
0.409703
0.409735
0.409735
0.409759
0.409783
0.409806
0.40983
0.40983
0.409849
0.409868
0.409887
0.409906
0.409925
0.409925
0.409949
0.409972
0.409996
0.41002
0.41002
0.410044
0.410067
0.410091
0.410115
0.410115
0.410139
0.410163
0.410186
0.41021
0.41021
0.410234
0.410258
0.410281
0.410305
0.410305
0.410329
0.410352
0.410376
0.4104
0.4104
0.410432
0.410463
0.410495
0.410495
0.410519
0.410542
0.410566
0.41059
0.41059
0.410622
0.410653
0.410685
0.410685
0.410704
0.410723
0.410742
0.410761
0.41078
0.41078
0.410827
0.410875
0.410875
0.410894
0.410913
0.410932
0.410951
0.41097
0.41097
0.410994
0.411018
0.411041
0.411065
0.411065
0.411097
0.411128
0.41116
0.41116
0.411192
0.411223
0.411255
0.411255
0.411274
0.411293
0.411312
0.411331
0.41135
0.41135
0.411382
0.411413
0.411445
0.411445
0.411477
0.411508
0.41154
0.41154
0.411559
0.411578
0.411597
0.411616
0.411635
0.411635
0.411682
0.41173
0.41173
0.411754
0.411777
0.411801
0.411825
0.411825
0.411857
0.411888
0.41192
0.41192
0.411952
0.411983
0.412015
0.412015
0.412047
0.412078
0.41211
0.41211
0.412158
0.412205
0.412205
0.412229
0.412252
0.412276
0.4123
0.4123
0.412347
0.412395
0.412395
0.412419
0.412443
0.412466
0.41249
0.41249
0.412514
0.412538
0.412561
0.412585
0.412585
0.412617
0.412648
0.41268
0.41268
0.412728
0.412775
0.412775
0.412807
0.412838
0.41287
0.41287
0.412894
0.412917
0.412941
0.412965
0.412965
0.412997
0.413028
0.41306
0.41306
0.413092
0.413123
0.413155
0.413155
0.413174
0.413193
0.413212
0.413231
0.41325
0.41325
0.413345
0.413345
0.413369
0.413392
0.413416
0.41344
0.41344
0.413487
0.413535
0.413535
0.413567
0.413598
0.41363
0.41363
0.413678
0.413725
0.413725
0.413749
0.413772
0.413796
0.41382
0.41382
0.413868
0.413915
0.413915
0.413939
0.413962
0.413986
0.41401
0.41401
0.414057
0.414105
0.414105
0.414137
0.414168
0.4142
0.4142
0.414248
0.414295
0.414295
0.414327
0.414358
0.41439
0.41439
0.414422
0.414453
0.414485
0.414485
0.414532
0.41458
0.41458
0.414604
0.414627
0.414651
0.414675
0.414675
0.414723
0.41477
0.41477
0.414802
0.414833
0.414865
0.414865
0.414912
0.41496
0.41496
0.414992
0.415023
0.415055
0.415055
0.415087
0.415118
0.41515
0.41515
0.415182
0.415213
0.415245
0.415245
0.415277
0.415308
0.41534
0.41534
0.415372
0.415403
0.415435
0.415435
0.415467
0.415498
0.41553
0.41553
0.415562
0.415593
0.415625
0.415625
0.415672
0.41572
0.41572
0.415767
0.415815
0.415815
0.415847
0.415878
0.41591
0.41591
0.415942
0.415973
0.416005
0.416005
0.416053
0.4161
0.4161
0.416148
0.416195
0.416195
0.416227
0.416258
0.41629
0.41629
0.416337
0.416385
0.416385
0.416417
0.416448
0.41648
0.41648
0.416512
0.416543
0.416575
0.416575
0.416607
0.416638
0.41667
0.41667
0.416717
0.416765
0.416765
0.416813
0.41686
0.41686
0.416892
0.416923
0.416955
0.416955
0.417002
0.41705
0.41705
0.417098
0.417145
0.417145
0.417193
0.41724
0.41724
0.417264
0.417288
0.417311
0.417335
0.417335
0.41743
0.41743
0.417462
0.417493
0.417525
0.417525
0.417572
0.41762
0.41762
0.417668
0.417715
0.417715
0.417747
0.417778
0.41781
0.41781
0.417834
0.417857
0.417881
0.417905
0.418
0.418
0.418024
0.418047
0.418071
0.418095
0.418095
0.41819
0.41819
0.418222
0.418253
0.418285
0.418285
0.418317
0.418348
0.41838
0.41838
0.418427
0.418475
0.418475
0.418523
0.41857
0.41857
0.418617
0.418665
0.418665
0.418712
0.41876
0.41876
0.418792
0.418823
0.418855
0.418855
0.418903
0.41895
0.41895
0.418998
0.419045
0.419045
0.419092
0.41914
0.41914
0.419187
0.419235
0.419235
0.419267
0.419298
0.41933
0.41933
0.419378
0.419425
0.419425
0.419473
0.41952
0.41952
0.419567
0.419615
0.419615
0.419663
0.41971
0.41971
0.419758
0.419805
0.419805
0.4199
0.4199
0.419948
0.419995
0.419995
0.420027
0.420058
0.42009
0.42009
0.420185
0.420185
0.420217
0.420248
0.42028
0.42028
0.420327
0.420375
0.420375
0.420422
0.42047
0.42047
0.420518
0.420565
0.420565
0.420613
0.42066
0.42066
0.420707
0.420755
0.420755
0.420787
0.420818
0.42085
0.42085
0.420882
0.420913
0.420945
0.42104
0.42104
0.421088
0.421135
0.421135
0.421183
0.42123
0.42123
0.421262
0.421293
0.421325
0.421325
0.421373
0.42142
0.42142
0.421515
0.421515
0.421562
0.42161
0.42161
0.421658
0.421705
0.421705
0.421737
0.421768
0.4218
0.4218
0.421895
0.421895
0.421943
0.42199
0.42199
0.422037
0.422085
0.422085
0.42218
0.42218
0.422204
0.422228
0.422251
0.422275
0.422275
0.422323
0.42237
0.42237
0.422465
0.422465
0.422512
0.42256
0.42256
0.422655
0.422655
0.422687
0.422718
0.42275
0.42275
0.422845
0.422845
0.422877
0.422908
0.42294
0.42294
0.422988
0.423035
0.423035
0.423083
0.42313
0.42313
0.423177
0.423225
0.423225
0.42332
0.42332
0.423368
0.423415
0.423415
0.423463
0.42351
0.42351
0.423605
0.423605
0.423637
0.423668
0.4237
0.4237
0.423795
0.423795
0.423842
0.42389
0.42389
0.423937
0.423985
0.423985
0.42408
0.42408
0.424127
0.424175
0.424175
0.42427
0.42427
0.424318
0.424365
0.424365
0.424412
0.42446
0.42446
0.424507
0.424555
0.424555
0.424603
0.42465
0.42465
0.424745
0.424745
0.424793
0.42484
0.42484
0.424872
0.424903
0.424935
0.42503
0.42503
0.425062
0.425093
0.425125
0.425125
0.425173
0.42522
0.42522
0.425315
0.425315
0.425347
0.425378
0.42541
0.42541
0.425505
0.425505
0.4256
0.4256
0.425647
0.425695
0.425695
0.425743
0.42579
0.42579
0.425822
0.425853
0.425885
0.42598
0.42598
0.426028
0.426075
0.426075
0.426122
0.42617
0.42617
0.426265
0.426265
0.426297
0.426328
0.42636
0.42636
0.426455
0.426455
0.426503
0.42655
0.42655
0.426582
0.426613
0.426645
0.426645
0.42674
0.42674
0.426787
0.426835
0.426835
0.42693
0.42693
0.426978
0.427025
0.427025
0.427057
0.427088
0.42712
0.427215
0.427215
0.427263
0.42731
0.42731
0.427357
0.427405
0.427405
0.4275
0.4275
0.427548
0.427595
0.427595
0.42769
0.42769
0.427738
0.427785
0.427785
0.42788
0.42788
0.427927
0.427975
0.427975
0.42807
0.42807
0.428118
0.428165
0.428165
0.42826
0.42826
0.428307
0.428355
0.428355
0.428387
0.428418
0.42845
0.42845
0.428497
0.428545
0.428545
0.42864
0.42864
0.428735
0.428735
0.428767
0.428798
0.42883
0.42883
0.428878
0.428925
0.428925
0.428972
0.42902
0.42902
0.429067
0.429115
0.429115
0.42921
0.42921
0.429258
0.429305
0.429305
0.429353
0.4294
0.4294
0.429495
0.429495
0.429542
0.42959
0.42959
0.429637
0.429685
0.429685
0.42978
0.42978
0.429875
0.429875
0.429922
0.42997
0.42997
0.430002
0.430033
0.430065
0.430065
0.43016
0.43016
0.430255
0.430255
0.430287
0.430318
0.43035
0.43035
0.430445
0.430445
0.430493
0.43054
0.43054
0.430588
0.430635
0.430635
0.43073
0.43073
0.430777
0.430825
0.430825
0.43092
0.43092
0.431015
0.431015
0.431063
0.43111
0.43111
0.431157
0.431205
0.431205
0.4313
0.4313
0.431347
0.431395
0.431395
0.431442
0.43149
0.43149
0.431585
0.431585
0.431632
0.43168
0.43168
0.431775
0.431775
0.43187
0.43187
0.431902
0.431933
0.431965
0.431965
0.43206
0.43206
0.432108
0.432155
0.432155
0.432203
0.43225
0.43225
0.432345
0.432345
0.432392
0.43244
0.43244
0.432535
0.432535
0.432582
0.43263
0.43263
0.432678
0.432725
0.432725
0.43282
0.43282
0.432867
0.432915
0.432915
0.432962
0.43301
0.43301
0.433057
0.433105
0.433105
0.4332
0.4332
0.433295
0.433295
0.433327
0.433358
0.43339
0.43339
0.433485
0.433485
0.43358
0.43358
0.433627
0.433675
0.433675
0.433722
0.43377
0.43377
0.433818
0.433865
0.433865
0.43396
0.43396
0.434008
0.434055
0.434055
0.43415
0.43415
0.434197
0.434245
0.434245
0.43434
0.43434
0.434388
0.434435
0.434435
0.43453
0.43453
0.434625
0.434625
0.434673
0.43472
0.43472
0.434815
0.434815
0.43491
0.43491
0.434958
0.435005
0.435005
0.435053
0.4351
0.435195
0.435195
0.435227
0.435258
0.43529
0.43529
0.435337
0.435385
0.43548
0.43548
0.435512
0.435543
0.435575
0.435575
0.43567
0.43567
0.435765
0.435765
0.435812
0.43586
0.43586
0.435955
0.435955
0.43605
0.43605
0.436098
0.436145
0.436145
0.436193
0.43624
0.43624
0.436335
0.436335
0.436383
0.43643
0.43643
0.436525
0.436525
0.43662
0.43662
0.436652
0.436683
0.436715
0.436715
0.43681
0.43681
0.436905
0.436905
0.437
0.437
0.437047
0.437095
0.437095
0.43719
0.43719
0.437222
0.437253
0.437285
0.43738
0.43738
0.437427
0.437475
0.437475
0.43757
0.43757
0.437665
0.437665
0.437712
0.43776
0.43776
0.437808
0.437855
0.43795
0.43795
0.437982
0.438013
0.438045
0.438045
0.43814
0.438235
0.438235
0.438267
0.438298
0.43833
0.43833
0.438425
0.438425
0.43852
0.43852
0.438568
0.438615
0.438615
0.43871
0.43871
0.438757
0.438805
0.438805
0.438852
0.4389
0.4389
0.438995
0.438995
0.439043
0.43909
0.43909
0.439122
0.439153
0.439185
0.43928
0.43928
0.439328
0.439375
0.439375
0.439422
0.43947
0.43947
0.439565
0.439565
0.439613
0.43966
0.43966
0.439755
0.439755
0.439803
0.43985
0.43985
0.439945
0.439945
0.44004
0.44004
0.440087
0.440135
0.440135
0.440183
0.44023
0.44023
0.440278
0.440325
0.440325
0.440372
0.44042
0.44042
0.440467
0.440515
0.440515
0.440562
0.44061
0.44061
0.440657
0.440705
0.440705
0.4408
0.4408
0.440847
0.440895
0.440895
0.440942
0.44099
0.44099
0.441038
0.441085
0.441085
0.441132
0.44118
0.441275
0.441275
0.441323
0.44137
0.44137
0.441418
0.441465
0.441465
0.441513
0.44156
0.44156
0.441655
0.441655
0.441687
0.441718
0.44175
0.44175
0.441845
0.441845
0.441893
0.44194
0.44194
0.442035
0.442035
0.442067
0.442098
0.44213
0.44213
0.442225
0.442225
0.44232
0.44232
0.442352
0.442383
0.442415
0.442415
0.44251
0.44251
0.442605
0.442605
0.442653
0.4427
0.4427
0.442795
0.442795
0.442842
0.44289
0.44289
0.442937
0.442985
0.442985
0.44308
0.44308
0.443175
0.443175
0.443223
0.44327
0.44327
0.443365
0.443365
0.44346
0.44346
0.443492
0.443523
0.443555
0.44365
0.44365
0.443698
0.443745
0.443745
0.443792
0.44384
0.443935
0.443935
0.443959
0.443983
0.444006
0.44403
0.444125
0.444125
0.444173
0.44422
0.44422
0.444268
0.444315
0.444315
0.44441
0.44441
0.444458
0.444505
0.444505
0.444552
0.4446
0.4446
0.444647
0.444695
0.44479
0.44479
0.444838
0.444885
0.444885
0.444933
0.44498
0.44498
0.445075
0.445075
0.445122
0.44517
0.445265
0.445265
0.445312
0.44536
0.44536
0.445408
0.445455
0.445455
0.445503
0.44555
0.44555
0.445598
0.445645
0.44574
0.44574
0.445772
0.445803
0.445835
0.445835
0.44593
0.44593
0.446025
0.446025
0.446057
0.446088
0.44612
0.44612
0.446215
0.446215
0.44631
0.44631
0.446357
0.446405
0.446405
0.4465
0.4465
0.446532
0.446563
0.446595
0.446595
0.446642
0.44669
0.44669
0.446785
0.446785
0.44688
0.44688
0.446927
0.446975
0.446975
0.447022
0.44707
0.44707
0.447118
0.447165
0.447165
0.447213
0.44726
0.44726
0.447355
0.447355
0.447387
0.447418
0.44745
0.44745
0.447545
0.447545
0.447577
0.447608
0.44764
0.44764
0.447735
0.447735
0.447767
0.447798
0.44783
0.44783
0.447925
0.447925
0.447972
0.44802
0.44802
0.448067
0.448115
0.448115
0.44821
0.44821
0.448258
0.448305
0.448305
0.448352
0.4484
0.4484
0.448447
0.448495
0.448495
0.448543
0.44859
0.44859
0.448685
0.448685
0.448732
0.44878
0.44878
0.448828
0.448875
0.448875
0.448923
0.44897
0.44897
0.449018
0.449065
0.449065
0.44916
0.44916
0.449192
0.449223
0.449255
0.449255
0.449302
0.44935
0.44935
0.449382
0.449413
0.449445
0.449445
0.449477
0.449508
0.44954
0.44954
0.449572
0.449603
0.449635
0.449635
0.449683
0.44973
0.44973
0.449778
0.449825
0.449825
0.449857
0.449888
0.44992
0.44992
0.449944
0.449968
0.449991
0.450015
0.450015
0.450039
0.450063
0.450086
0.45011
0.45011
0.450158
0.450205
0.450205
0.450253
0.4503
0.4503
0.450332
0.450363
0.450395
0.450395
0.450442
0.45049
0.45049
0.450538
0.450585
0.450585
0.450633
0.45068
0.45068
0.450712
0.450743
0.450775
0.450775
0.45087
0.45087
0.450917
0.450965
0.450965
0.451012
0.45106
0.45106
0.451092
0.451123
0.451155
0.451155
0.451187
0.451218
0.45125
0.451345
0.451345
0.451393
0.45144
0.45144
0.451488
0.451535
0.451535
0.45163
0.45163
0.451678
0.451725
0.451725
0.45182
0.45182
0.451868
0.451915
0.451915
0.451963
0.45201
0.45201
0.452105
0.452105
0.452152
0.4522
0.4522
0.452295
0.452295
0.45239
0.45239
0.452438
0.452485
0.452485
0.45258
0.45258
0.452675
0.452675
0.45277
0.45277
0.452865
0.452865
0.45296
0.45296
0.453008
0.453055
0.45315
0.45315
0.453245
0.453245
0.45334
0.45334
0.453435
0.453435
0.45353
0.45353
0.453625
0.453625
0.45372
0.45372
0.453815
0.453815
0.45391
0.45391
0.453957
0.454005
0.454005
0.4541
0.454195
0.454195
0.454242
0.45429
0.454385
0.45448
0.45448
0.454527
0.454575
0.454575
0.45467
0.45467
0.454765
0.45486
0.45486
0.454907
0.454955
0.45505
0.45505
0.455145
0.455145
0.45524
0.45524
0.455335
0.45543
0.45543
0.455525
0.455525
0.45562
0.45562
0.455715
0.455715
0.45581
0.455905
0.455905
0.456
0.456
0.456095
0.45619
0.45619
0.456285
0.45638
0.45638
0.456428
0.456475
0.456475
0.45657
0.456665
0.45676
0.45676
0.456807
0.456855
0.45695
0.45695
0.457045
0.457045
0.45714
0.45714
0.457235
0.45733
0.45733
0.457377
0.457425
0.45752
0.45752
0.457615
0.457615
0.45771
0.457805
0.4579
0.4579
0.457947
0.457995
0.457995
0.45809
0.458185
0.45828
0.458375
0.458375
0.45847
0.458565
0.45866
0.45866
0.458755
0.458755
0.45885
0.45885
0.458945
0.45904
0.45904
0.459135
0.459135
0.45923
0.45923
0.459325
0.45942
0.45942
0.459515
0.45961
0.45961
0.459705
0.4598
0.459895
0.459895
0.459943
0.45999
0.45999
0.460085
0.46018
0.460275
0.460275
0.46037
0.460465
0.460465
0.46056
0.460655
0.460655
0.46075
0.460845
0.460845
0.46094
0.46094
0.461035
0.461035
0.46113
0.46113
0.461225
0.461225
0.46132
0.461415
0.461415
0.46151
0.461605
0.461605
0.4617
0.4617
0.461795
0.461795
0.461985
0.461985
0.46208
0.462175
0.462175
0.46227
0.46227
0.462365
0.462365
0.46246
0.46246
0.462555
0.46265
0.46265
0.462745
0.46284
0.46284
0.462935
0.462935
0.46303
0.46303
0.463125
0.46322
0.46322
0.463315
0.46341
0.46341
0.463457
0.463505
0.4636
0.4636
0.463695
0.46379
0.46379
0.463885
0.463885
0.46398
0.464075
0.464075
0.46417
0.46417
0.464265
0.464265
0.46436
0.464455
0.46455
0.46455
0.464645
0.464645
0.46474
0.464835
0.464835
0.46493
0.46493
0.465025
0.46512
0.46512
0.465215
0.46531
0.465405
0.465405
0.4655
0.465595
0.465595
0.46569
0.465785
0.46588
0.46588
0.465975
0.46607
0.46607
0.466165
0.46626
0.466355
0.466355
0.46645
0.46645
0.466545
0.46664
0.46664
0.466735
0.466735
0.46683
0.46683
0.466925
0.46702
0.46702
0.467115
0.46721
0.46721
0.467305
0.4674
0.4674
0.467495
0.46759
0.46759
0.467685
0.46778
0.46778
0.467875
0.467875
0.46797
0.46797
0.468065
0.468065
0.46816
0.46816
0.468255
0.46835
0.46835
0.468397
0.468445
0.46854
0.46854
0.468635
0.46873
0.46873
0.468825
0.468825
0.46892
0.469015
0.469015
0.46911
0.469205
0.469205
0.4693
0.4693
0.469395
0.46949
0.46949
0.469585
0.469585
0.469633
0.46968
0.46968
0.469775
0.46987
0.469965
0.469965
0.47006
0.47006
0.470155
0.47025
0.47025
0.470345
0.470345
0.47044
0.47044
0.470535
0.470535
0.47063
0.47063
0.470725
0.470725
0.47082
0.47082
0.470915
0.47101
0.47101
0.471105
0.471105
0.4712
0.4712
0.471295
0.471295
0.47139
0.471485
0.471485
0.47158
0.47158
0.471675
0.471675
0.47177
0.47177
0.471865
0.47196
0.47196
0.472055
0.47215
0.47215
0.472245
0.472245
0.47234
0.47234
0.472435
0.47253
0.47253
0.472625
0.472625
0.47272
0.47272
0.472815
0.472815
0.47291
0.47291
0.473005
0.473005
0.473053
0.4731
0.473195
0.473195
0.47329
0.47329
0.473385
0.473385
0.473432
0.47348
0.473575
0.473575
0.47367
0.47367
0.473765
0.473765
0.47386
0.47386
0.473955
0.473955
0.47405
0.47405
0.474145
0.474145
0.47424
0.47424
0.474335
0.474335
0.47443
0.47443
0.474525
0.47462
0.47462
0.474715
0.474715
0.47481
0.47481
0.474905
0.474905
0.475
0.475
0.475095
0.475095
0.47519
0.47519
0.475285
0.47538
0.47538
0.475428
0.475475
0.475475
0.47557
0.47557
0.475665
0.475665
0.47576
0.47576
0.475807
0.475855
0.47595
0.47595
0.475998
0.476045
0.476045
0.47614
0.47614
0.476235
0.476235
0.47633
0.47633
0.476377
0.476425
0.476425
0.47652
0.47652
0.476615
0.476615
0.47671
0.47671
0.476758
0.476805
0.476805
0.4769
0.4769
0.476995
0.476995
0.47709
0.47709
0.477185
0.477185
0.47728
0.47728
0.477327
0.477375
0.477375
0.47747
0.47747
0.477565
0.477565
0.477612
0.47766
0.47766
0.477755
0.477755
0.477803
0.47785
0.47785
0.477945
0.477945
0.47804
0.47804
0.478135
0.478135
0.478183
0.47823
0.47823
0.478278
0.478325
0.478325
0.47842
0.47842
0.478515
0.478515
0.478563
0.47861
0.47861
0.478705
0.478705
0.478752
0.4788
0.4788
0.478895
0.478895
0.478943
0.47899
0.47899
0.479085
0.479085
0.47918
0.47918
0.479227
0.479275
0.479275
0.47937
0.47937
0.479465
0.479465
0.479513
0.47956
0.47956
0.479655
0.479655
0.479702
0.47975
0.47975
0.479798
0.479845
0.479845
0.479893
0.47994
0.47994
0.480035
0.480035
0.480083
0.48013
0.48013
0.480225
0.480225
0.480273
0.48032
0.48032
0.480367
0.480415
0.48051
0.48051
0.480558
0.480605
0.480605
0.480653
0.4807
0.4807
0.480747
0.480795
0.480795
0.48089
0.48089
0.480937
0.480985
0.480985
0.481032
0.48108
0.48108
0.481175
0.481175
0.48127
0.48127
0.481317
0.481365
0.481365
0.48146
0.48146
0.481555
0.481555
0.481603
0.48165
0.48165
0.481745
0.481745
0.481793
0.48184
0.48184
0.481935
0.481935
0.481982
0.48203
0.48203
0.482077
0.482125
0.482125
0.482172
0.48222
0.48222
0.482267
0.482315
0.482315
0.48241
0.48241
0.482457
0.482505
0.482505
0.482552
0.4826
0.4826
0.482647
0.482695
0.482695
0.482742
0.48279
0.48279
0.482837
0.482885
0.482885
0.482933
0.48298
0.483075
0.483075
0.483107
0.483138
0.48317
0.48317
0.483218
0.483265
0.483265
0.48336
0.48336
0.483407
0.483455
0.483455
0.483503
0.48355
0.48355
0.483598
0.483645
0.483645
0.483692
0.48374
0.48374
0.483835
0.483835
0.483882
0.48393
0.48393
0.483978
0.484025
0.484025
0.484057
0.484088
0.48412
0.48412
0.484167
0.484215
0.484215
0.484263
0.48431
0.48431
0.484358
0.484405
0.484405
0.484452
0.4845
0.4845
0.484595
0.484595
0.484643
0.48469
0.48469
0.484738
0.484785
0.484785
0.484817
0.484848
0.48488
0.48488
0.484928
0.484975
0.484975
0.485007
0.485038
0.48507
0.48507
0.485165
0.485165
0.485197
0.485228
0.48526
0.485355
0.485355
0.485387
0.485418
0.48545
0.48545
0.485497
0.485545
0.485545
0.485577
0.485608
0.48564
0.48564
0.485735
0.485735
0.485783
0.48583
0.48583
0.485862
0.485893
0.485925
0.485925
0.48602
0.48602
0.486052
0.486083
0.486115
0.486115
0.486162
0.48621
0.48621
0.486234
0.486257
0.486281
0.486305
0.486305
0.4864
0.4864
0.486448
0.486495
0.486495
0.486542
0.48659
0.48659
0.486685
0.486685
0.486717
0.486748
0.48678
0.48678
0.486875
0.486875
0.486907
0.486938
0.48697
0.48697
0.487002
0.487033
0.487065
0.487065
0.487112
0.48716
0.48716
0.487207
0.487255
0.487255
0.487287
0.487318
0.48735
0.48735
0.487398
0.487445
0.487445
0.487493
0.48754
0.48754
0.487588
0.487635
0.487635
0.487683
0.48773
0.48773
0.487778
0.487825
0.487825
0.487872
0.48792
0.48792
0.487944
0.487967
0.487991
0.488015
0.488015
0.48811
0.48811
0.488158
0.488205
0.488205
0.488237
0.488268
0.4883
0.4883
0.488332
0.488363
0.488395
0.488395
0.488442
0.48849
0.48849
0.488522
0.488553
0.488585
0.488585
0.488617
0.488648
0.48868
0.48868
0.488712
0.488743
0.488775
0.488775
0.488822
0.48887
0.48887
0.488917
0.488965
0.488965
0.489013
0.48906
0.48906
0.489108
0.489155
0.489155
0.489179
0.489202
0.489226
0.48925
0.48925
0.489345
0.489345
0.489369
0.489393
0.489416
0.48944
0.48944
0.489535
0.489535
0.489567
0.489598
0.48963
0.48963
0.489677
0.489725
0.489725
0.489757
0.489788
0.48982
0.48982
0.489868
0.489915
0.489915
0.489947
0.489978
0.49001
0.49001
0.490057
0.490105
0.490105
0.490129
0.490152
0.490176
0.4902
0.4902
0.490247
0.490295
0.490295
0.490327
0.490358
0.49039
0.49039
0.490438
0.490485
0.490485
0.490533
0.49058
0.49058
0.490627
0.490675
0.490675
0.490707
0.490738
0.49077
0.49077
0.490818
0.490865
0.490865
0.490889
0.490912
0.490936
0.49096
0.49096
0.491008
0.491055
0.491055
0.491103
0.49115
0.49115
0.491182
0.491213
0.491245
0.491245
0.491277
0.491308
0.49134
0.49134
0.491372
0.491403
0.491435
0.491435
0.491467
0.491498
0.49153
0.49153
0.491578
0.491625
0.491625
0.491657
0.491688
0.49172
0.49172
0.491744
0.491768
0.491791
0.491815
0.491815
0.491863
0.49191
0.49191
0.491934
0.491957
0.491981
0.492005
0.492005
0.492052
0.4921
0.4921
0.492148
0.492195
0.492195
0.492243
0.49229
0.49229
0.492309
0.492328
0.492347
0.492366
0.492385
0.492385
0.49248
0.49248
0.492504
0.492527
0.492551
0.492575
0.492575
0.49267
0.49267
0.492694
0.492718
0.492741
0.492765
0.492765
0.492813
0.49286
0.49286
0.492884
0.492907
0.492931
0.492955
0.492955
0.492987
0.493018
0.49305
0.49305
0.493097
0.493145
0.493145
0.493169
0.493193
0.493216
0.49324
0.49324
0.493288
0.493335
0.493335
0.493367
0.493398
0.49343
0.49343
0.493478
0.493525
0.493525
0.493549
0.493573
0.493596
0.49362
0.49362
0.493667
0.493715
0.493715
0.493739
0.493762
0.493786
0.49381
0.49381
0.493858
0.493905
0.493905
0.493929
0.493953
0.493976
0.494
0.494
0.494032
0.494063
0.494095
0.494095
0.494127
0.494158
0.49419
0.49419
0.494222
0.494253
0.494285
0.494285
0.494317
0.494348
0.49438
0.49438
0.494412
0.494443
0.494475
0.494475
0.494507
0.494538
0.49457
0.49457
0.494602
0.494633
0.494665
0.494665
0.494697
0.494728
0.49476
0.49476
0.494792
0.494823
0.494855
0.494855
0.494879
0.494903
0.494926
0.49495
0.49495
0.494982
0.495013
0.495045
0.495045
0.495077
0.495108
0.49514
0.49514
0.495164
0.495188
0.495211
0.495235
0.495235
0.495267
0.495298
0.49533
0.49533
0.495354
0.495377
0.495401
0.495425
0.495425
0.495472
0.49552
0.49552
0.495544
0.495568
0.495591
0.495615
0.495615
0.495663
0.49571
0.49571
0.495742
0.495773
0.495805
0.495805
0.495837
0.495868
0.4959
0.4959
0.495932
0.495963
0.495995
0.495995
0.496019
0.496042
0.496066
0.49609
0.49609
0.496122
0.496153
0.496185
0.496185
0.496209
0.496233
0.496256
0.49628
0.49628
0.496312
0.496343
0.496375
0.496375
0.496422
0.49647
0.49647
0.496489
0.496508
0.496527
0.496546
0.496565
0.496565
0.496589
0.496613
0.496636
0.49666
0.49666
0.496692
0.496723
0.496755
0.496755
0.496779
0.496803
0.496826
0.49685
0.49685
0.496882
0.496913
0.496945
0.496945
0.496977
0.497008
0.49704
0.49704
0.497072
0.497103
0.497135
0.497135
0.497159
0.497182
0.497206
0.49723
0.49723
0.497262
0.497293
0.497325
0.497325
0.497344
0.497363
0.497382
0.497401
0.49742
0.49742
0.497444
0.497467
0.497491
0.497515
0.497515
0.497547
0.497578
0.49761
0.49761
0.497634
0.497657
0.497681
0.497705
0.497705
0.497729
0.497752
0.497776
0.4978
0.4978
0.497832
0.497863
0.497895
0.497895
0.497919
0.497943
0.497966
0.49799
0.49799
0.498022
0.498053
0.498085
0.498085
0.498104
0.498123
0.498142
0.498161
0.49818
0.49818
0.498204
0.498228
0.498251
0.498275
0.498275
0.498307
0.498338
0.49837
0.49837
0.498394
0.498417
0.498441
0.498465
0.498465
0.498489
0.498513
0.498536
0.49856
0.49856
0.498592
0.498623
0.498655
0.498655
0.498679
0.498702
0.498726
0.49875
0.49875
0.498766
0.498782
0.498797
0.498813
0.498829
0.498845
0.498845
0.498869
0.498892
0.498916
0.49894
0.49894
0.498959
0.498978
0.498997
0.499016
0.499035
0.499035
0.499059
0.499083
0.499106
0.49913
0.49913
0.499154
0.499177
0.499201
0.499225
0.499225
0.499249
0.499273
0.499296
0.49932
0.49932
0.499344
0.499368
0.499391
0.499415
0.499415
0.499434
0.499453
0.499472
0.499491
0.49951
0.49951
0.499534
0.499557
0.499581
0.499605
0.499605
0.499637
0.499668
0.4997
0.4997
0.499724
0.499748
0.499771
0.499795
0.499795
0.499819
0.499842
0.499866
0.49989
0.49989
0.499922
0.499953
0.499985
0.499985
0.500017
0.500048
0.50008
0.50008
0.500099
0.500118
0.500137
0.500156
0.500175
0.500175
0.500207
0.500238
0.50027
0.50027
0.500294
0.500318
0.500341
0.500365
0.500365
0.500389
0.500412
0.500436
0.50046
0.50046
0.500484
0.500507
0.500531
0.500555
0.500555
0.500587
0.500618
0.50065
0.50065
0.500682
0.500713
0.500745
0.500745
0.500769
0.500793
0.500816
0.50084
0.50084
0.500864
0.500888
0.500911
0.500935
0.500935
0.500954
0.500973
0.500992
0.501011
0.50103
0.50103
0.501054
0.501078
0.501101
0.501125
0.501125
0.501157
0.501188
0.50122
0.50122
0.501239
0.501258
0.501277
0.501296
0.501315
0.501315
0.501339
0.501363
0.501386
0.50141
0.50141
0.501442
0.501473
0.501505
0.501505
0.501524
0.501543
0.501562
0.501581
0.5016
0.5016
0.501624
0.501648
0.501671
0.501695
0.501695
0.501719
0.501742
0.501766
0.50179
0.50179
0.501809
0.501828
0.501847
0.501866
0.501885
0.501885
0.501909
0.501933
0.501956
0.50198
0.50198
0.501999
0.502018
0.502037
0.502056
0.502075
0.502075
0.502099
0.502123
0.502146
0.50217
0.50217
0.502189
0.502208
0.502227
0.502246
0.502265
0.502265
0.502281
0.502297
0.502312
0.502328
0.502344
0.50236
0.50236
0.502384
0.502407
0.502431
0.502455
0.502455
0.502474
0.502493
0.502512
0.502531
0.50255
0.50255
0.502574
0.502598
0.502621
0.502645
0.502645
0.502664
0.502683
0.502702
0.502721
0.50274
0.50274
0.502764
0.502787
0.502811
0.502835
0.502835
0.502851
0.502867
0.502882
0.502898
0.502914
0.50293
0.50293
0.502946
0.502962
0.502977
0.502993
0.503009
0.503025
0.503025
0.503044
0.503063
0.503082
0.503101
0.50312
0.50312
0.503136
0.503152
0.503168
0.503183
0.503199
0.503215
0.503215
0.503234
0.503253
0.503272
0.503291
0.50331
0.50331
0.503329
0.503348
0.503367
0.503386
0.503405
0.503405
0.503421
0.503437
0.503453
0.503468
0.503484
0.5035
0.5035
0.503519
0.503538
0.503557
0.503576
0.503595
0.503595
0.503614
0.503633
0.503652
0.503671
0.50369
0.50369
0.503704
0.503717
0.503731
0.503744
0.503758
0.503771
0.503785
0.503785
0.503804
0.503823
0.503842
0.503861
0.50388
0.50388
0.503896
0.503912
0.503927
0.503943
0.503959
0.503975
0.503975
0.503991
0.504007
0.504022
0.504038
0.504054
0.50407
0.50407
0.504084
0.504097
0.504111
0.504124
0.504138
0.504151
0.504165
0.504165
0.504189
0.504212
0.504236
0.50426
0.50426
0.504274
0.504287
0.504301
0.504314
0.504328
0.504341
0.504355
0.504355
0.504367
0.504379
0.504391
0.504403
0.504414
0.504426
0.504438
0.50445
0.50445
0.504464
0.504477
0.504491
0.504504
0.504518
0.504531
0.504545
0.504545
0.504559
0.504572
0.504586
0.504599
0.504613
0.504626
0.50464
0.50464
0.504652
0.504664
0.504676
0.504687
0.504699
0.504711
0.504723
0.504735
0.504735
0.504751
0.504767
0.504782
0.504798
0.504814
0.50483
0.50483
0.504844
0.504857
0.504871
0.504884
0.504898
0.504911
0.504925
0.504925
0.504936
0.504946
0.504957
0.504967
0.504978
0.504988
0.504999
0.505009
0.50502
0.50502
0.505032
0.505044
0.505056
0.505068
0.505079
0.505091
0.505103
0.505115
0.505115
0.505127
0.505139
0.505151
0.505162
0.505174
0.505186
0.505198
0.50521
0.50521
0.505226
0.505242
0.505257
0.505273
0.505289
0.505305
0.505305
0.505317
0.505329
0.505341
0.505352
0.505364
0.505376
0.505388
0.5054
0.5054
0.505409
0.505419
0.505428
0.505438
0.505448
0.505457
0.505467
0.505476
0.505486
0.505495
0.505495
0.505506
0.505516
0.505527
0.505537
0.505548
0.505558
0.505569
0.505579
0.50559
0.50559
0.505601
0.505611
0.505622
0.505632
0.505643
0.505653
0.505664
0.505674
0.505685
0.505685
0.505694
0.505702
0.505711
0.50572
0.505728
0.505737
0.505745
0.505754
0.505763
0.505771
0.50578
0.50578
0.505791
0.505801
0.505812
0.505822
0.505833
0.505843
0.505854
0.505865
0.505875
0.505875
0.505887
0.505899
0.505911
0.505923
0.505934
0.505946
0.505958
0.50597
0.50597
0.505979
0.505987
0.505996
0.506005
0.506013
0.506022
0.50603
0.506039
0.506048
0.506056
0.506065
0.506065
0.506074
0.506082
0.506091
0.5061
0.506108
0.506117
0.506125
0.506134
0.506143
0.506151
0.50616
0.50616
0.506168
0.506176
0.506184
0.506192
0.5062
0.506207
0.506215
0.506223
0.506231
0.506239
0.506247
0.506255
0.506255
0.506264
0.506272
0.506281
0.50629
0.506298
0.506307
0.506315
0.506324
0.506333
0.506341
0.50635
0.50635
0.506359
0.506367
0.506376
0.506385
0.506393
0.506402
0.50641
0.506419
0.506428
0.506436
0.506445
0.506445
0.506454
0.506464
0.506473
0.506483
0.506492
0.506502
0.506512
0.506521
0.506531
0.50654
0.50654
0.506548
0.506556
0.506564
0.506572
0.50658
0.506588
0.506595
0.506603
0.506611
0.506619
0.506627
0.506635
0.506635
0.506642
0.506649
0.506655
0.506662
0.506669
0.506676
0.506683
0.506689
0.506696
0.506703
0.50671
0.506716
0.506723
0.50673
0.50673
0.506739
0.506747
0.506756
0.506765
0.506773
0.506782
0.50679
0.506799
0.506808
0.506816
0.506825
0.506825
0.506832
0.506839
0.506845
0.506852
0.506859
0.506866
0.506873
0.506879
0.506886
0.506893
0.5069
0.506906
0.506913
0.50692
0.50692
0.506926
0.506932
0.506938
0.506944
0.50695
0.506956
0.506962
0.506967
0.506973
0.506979
0.506985
0.506991
0.506997
0.507003
0.507009
0.507015
0.507015
0.507021
0.507027
0.507033
0.507039
0.507045
0.507051
0.507057
0.507062
0.507068
0.507074
0.50708
0.507086
0.507092
0.507098
0.507104
0.50711
0.50711
0.507115
0.50712
0.507125
0.50713
0.507135
0.50714
0.507145
0.50715
0.507155
0.50716
0.507165
0.50717
0.507175
0.50718
0.507185
0.50719
0.507195
0.5072
0.507205
0.507205
0.507211
0.507218
0.507224
0.50723
0.507237
0.507243
0.507249
0.507256
0.507262
0.507268
0.507275
0.507281
0.507287
0.507294
0.5073
0.5073
0.507305
0.507311
0.507316
0.507321
0.507326
0.507332
0.507337
0.507342
0.507347
0.507353
0.507358
0.507363
0.507369
0.507374
0.507379
0.507384
0.50739
0.507395
0.507395
0.5074
0.507405
0.50741
0.507415
0.50742
0.507425
0.50743
0.507435
0.50744
0.507445
0.50745
0.507455
0.50746
0.507465
0.50747
0.507475
0.50748
0.507485
0.50749
0.50749
0.507499
0.507507
0.507516
0.507525
0.507533
0.507542
0.50755
0.507559
0.507568
0.507576
0.507585
0.507585
0.507596
0.507606
0.507617
0.507627
0.507638
0.507648
0.507659
0.507669
0.50768
0.50768
0.507692
0.507704
0.507716
0.507728
0.507739
0.507751
0.507763
0.507775
0.507775
0.507784
0.507794
0.507803
0.507813
0.507823
0.507832
0.507842
0.507851
0.507861
0.50787
0.50787
0.507886
0.507902
0.507918
0.507933
0.507949
0.507965
0.507965
0.507972
0.50798
0.507987
0.507994
0.508002
0.508009
0.508016
0.508023
0.508031
0.508038
0.508045
0.508053
0.50806
0.50806
0.508067
0.508074
0.50808
0.508087
0.508094
0.508101
0.508107
0.508114
0.508121
0.508128
0.508135
0.508141
0.508148
0.508155
0.508155
0.508161
0.508168
0.508174
0.50818
0.508187
0.508193
0.508199
0.508206
0.508212
0.508218
0.508225
0.508231
0.508237
0.508244
0.50825
0.50825
0.508256
0.508262
0.508268
0.508274
0.50828
0.508286
0.508292
0.508298
0.508303
0.508309
0.508315
0.508321
0.508327
0.508333
0.508339
0.508345
0.508345
0.508351
0.508358
0.508364
0.50837
0.508377
0.508383
0.508389
0.508396
0.508402
0.508408
0.508415
0.508421
0.508427
0.508434
0.50844
0.50844
0.508447
0.508455
0.508462
0.508469
0.508477
0.508484
0.508491
0.508498
0.508506
0.508513
0.50852
0.508528
0.508535
0.508535
0.508542
0.508549
0.508555
0.508562
0.508569
0.508576
0.508582
0.508589
0.508596
0.508603
0.50861
0.508616
0.508623
0.50863
0.50863
0.508634
0.508639
0.508643
0.508647
0.508652
0.508656
0.50866
0.508665
0.508669
0.508673
0.508677
0.508682
0.508686
0.50869
0.508695
0.508699
0.508703
0.508708
0.508712
0.508716
0.508721
0.508725
0.508725
0.50873
0.508734
0.508739
0.508743
0.508748
0.508752
0.508757
0.508761
0.508766
0.50877
0.508775
0.508779
0.508784
0.508788
0.508793
0.508797
0.508802
0.508806
0.508811
0.508815
0.50882
0.50882
0.508824
0.508829
0.508833
0.508837
0.508842
0.508846
0.50885
0.508855
0.508859
0.508863
0.508868
0.508872
0.508876
0.50888
0.508885
0.508889
0.508893
0.508898
0.508902
0.508906
0.508911
0.508915
0.508915
0.508919
0.508923
0.508927
0.508932
0.508936
0.50894
0.508944
0.508948
0.508952
0.508956
0.50896
0.508965
0.508969
0.508973
0.508977
0.508981
0.508985
0.508989
0.508993
0.508998
0.509002
0.509006
0.50901
0.50901
0.509013
0.509016
0.509018
0.509021
0.509024
0.509027
0.50903
0.509032
0.509035
0.509038
0.509041
0.509044
0.509046
0.509049
0.509052
0.509055
0.509057
0.50906
0.509063
0.509066
0.509069
0.509071
0.509074
0.509077
0.50908
0.509083
0.509085
0.509088
0.509091
0.509094
0.509097
0.509099
0.509102
0.509105
0.509105
0.509109
0.509114
0.509119
0.509123
0.509128
0.509132
0.509137
0.509141
0.509146
0.50915
0.509155
0.509159
0.509164
0.509168
0.509173
0.509177
0.509182
0.509186
0.509191
0.509196
0.5092
0.5092
0.509205
0.50921
0.509215
0.50922
0.509225
0.50923
0.509235
0.50924
0.509245
0.50925
0.509255
0.50926
0.509265
0.50927
0.509275
0.50928
0.509285
0.50929
0.509295
0.509295
0.509297
0.509299
0.509302
0.509304
0.509306
0.509308
0.50931
0.509313
0.509315
0.509317
0.509319
0.509322
0.509324
0.509326
0.509328
0.50933
0.509333
0.509335
0.509337
0.509339
0.509341
0.509344
0.509346
0.509348
0.50935
0.509352
0.509355
0.509357
0.509359
0.509361
0.509363
0.509366
0.509368
0.50937
0.509372
0.509375
0.509377
0.509379
0.509381
0.509383
0.509386
0.509388
0.50939
0.50939
0.509392
0.509395
0.509397
0.5094
0.509402
0.509405
0.509407
0.509409
0.509412
0.509414
0.509417
0.509419
0.509422
0.509424
0.509427
0.509429
0.509431
0.509434
0.509436
0.509439
0.509441
0.509444
0.509446
0.509448
0.509451
0.509453
0.509456
0.509458
0.509461
0.509463
0.509466
0.509468
0.50947
0.509473
0.509475
0.509478
0.50948
0.509483
0.509485
0.509485
0.509487
0.509488
0.50949
0.509491
0.509493
0.509494
0.509496
0.509498
0.509499
0.509501
0.509502
0.509504
0.509506
0.509507
0.509509
0.50951
0.509512
0.509513
0.509515
0.509517
0.509518
0.50952
0.509521
0.509523
0.509525
0.509526
0.509528
0.509529
0.509531
0.509533
0.509534
0.509536
0.509537
0.509539
0.50954
0.509542
0.509544
0.509545
0.509547
0.509548
0.50955
0.509552
0.509553
0.509555
0.509556
0.509558
0.509559
0.509561
0.509563
0.509564
0.509566
0.509567
0.509569
0.509571
0.509572
0.509574
0.509575
0.509577
0.509578
0.50958
0.50958
0.509581
0.509582
0.509583
0.509583
0.509584
0.509585
0.509586
0.509587
0.509588
0.509588
0.509589
0.50959
0.509591
0.509592
0.509593
0.509594
0.509594
0.509595
0.509596
0.509597
0.509598
0.509599
0.5096
0.5096
0.509601
0.509602
0.509603
0.509604
0.509605
0.509605
0.509606
0.509607
0.509608
0.509609
0.50961
0.509611
0.509611
0.509612
0.509613
0.509614
0.509615
0.509616
0.509616
0.509617
0.509618
0.509619
0.50962
0.509621
0.509622
0.509622
0.509623
0.509624
0.509625
0.509626
0.509627
0.509627
0.509628
0.509629
0.50963
0.509631
0.509632
0.509633
0.509633
0.509634
0.509635
0.509636
0.509637
0.509638
0.509638
0.509639
0.50964
0.509641
0.509642
0.509643
0.509644
0.509644
0.509645
0.509646
0.509647
0.509648
0.509649
0.50965
0.50965
0.509651
0.509652
0.509653
0.509654
0.509655
0.509655
0.509656
0.509657
0.509658
0.509659
0.50966
0.509661
0.509661
0.509662
0.509663
0.509664
0.509665
0.509666
0.509667
0.509667
0.509668
0.509669
0.50967
0.509671
0.509672
0.509672
0.509673
0.509674
0.509675
0.509675
0.509676
0.509676
0.509677
0.509677
0.509678
0.509679
0.509679
0.50968
0.509681
0.509681
0.509682
0.509683
0.509683
0.509684
0.509684
0.509685
0.509686
0.509686
0.509687
0.509688
0.509688
0.509689
0.509689
0.50969
0.509691
0.509691
0.509692
0.509693
0.509693
0.509694
0.509694
0.509695
0.509696
0.509696
0.509697
0.509698
0.509698
0.509699
0.5097
0.5097
0.509701
0.509701
0.509702
0.509703
0.509703
0.509704
0.509705
0.509705
0.509706
0.509706
0.509707
0.509708
0.509708
0.509709
0.50971
0.50971
0.509711
0.509711
0.509712
0.509713
0.509713
0.509714
0.509715
0.509715
0.509716
0.509717
0.509717
0.509718
0.509718
0.509719
0.50972
0.50972
0.509721
0.509722
0.509722
0.509723
0.509723
0.509724
0.509725
0.509725
0.509726
0.509727
0.509727
0.509728
0.509728
0.509729
0.50973
0.50973
0.509731
0.509732
0.509732
0.509733
0.509733
0.509734
0.509735
0.509735
0.509736
0.509737
0.509737
0.509738
0.509739
0.509739
0.50974
0.50974
0.509741
0.509742
0.509742
0.509743
0.509744
0.509744
0.509745
0.509745
0.509746
0.509747
0.509747
0.509748
0.509749
0.509749
0.50975
0.50975
0.509751
0.509752
0.509752
0.509753
0.509754
0.509754
0.509755
0.509755
0.509756
0.509757
0.509757
0.509758
0.509759
0.509759
0.50976
0.509761
0.509761
0.509762
0.509762
0.509763
0.509764
0.509764
0.509765
0.509766
0.509766
0.509767
0.509767
0.509768
0.509769
0.509769
0.50977
0.50977
0.50977
0.509771
0.509771
0.509771
0.509771
0.509772
0.509772
0.509772
0.509772
0.509773
0.509773
0.509773
0.509774
0.509774
0.509774
0.509774
0.509775
0.509775
0.509775
0.509776
0.509776
0.509776
0.509776
0.509777
0.509777
0.509777
0.509778
0.509778
0.509778
0.509778
0.509779
0.509779
0.509779
0.50978
0.50978
0.50978
0.50978
0.509781
0.509781
0.509781
0.509781
0.509782
0.509782
0.509782
0.509783
0.509783
0.509783
0.509783
0.509784
0.509784
0.509784
0.509785
0.509785
0.509785
0.509785
0.509786
0.509786
0.509786
0.509786
0.509787
0.509787
0.509787
0.509788
0.509788
0.509788
0.509788
0.509789
0.509789
0.509789
0.50979
0.50979
0.50979
0.50979
0.509791
0.509791
0.509791
0.509792
0.509792
0.509792
0.509792
0.509793
0.509793
0.509793
0.509794
0.509794
0.509794
0.509794
0.509795
0.509795
0.509795
0.509795
0.509796
0.509796
0.509796
0.509797
0.509797
0.509797
0.509797
0.509798
0.509798
0.509798
0.509799
0.509799
0.509799
0.509799
0.5098
0.5098
0.5098
0.509801
0.509801
0.509801
0.509801
0.509802
0.509802
0.509802
0.509802
0.509803
0.509803
0.509803
0.509804
0.509804
0.509804
0.509804
0.509805
0.509805
0.509805
0.509806
0.509806
0.509806
0.509806
0.509807
0.509807
0.509807
0.509808
0.509808
0.509808
0.509808
0.509809
0.509809
0.509809
0.509809
0.50981
0.50981
0.50981
0.509811
0.509811
0.509811
0.509811
0.509812
0.509812
0.509812
0.509813
0.509813
0.509813
0.509813
0.509814
0.509814
0.509814
0.509815
0.509815
0.509815
0.509815
0.509816
0.509816
0.509816
0.509817
0.509817
0.509817
0.509817
0.509818
0.509818
0.509818
0.509818
0.509819
0.509819
0.509819
0.50982
0.50982
0.50982
0.50982
0.509821
0.509821
0.509821
0.509822
0.509822
0.509822
0.509822
0.509823
0.509823
0.509823
0.509824
0.509824
0.509824
0.509824
0.509825
0.509825
0.509825
0.509825
0.509826
0.509826
0.509826
0.509827
0.509827
0.509827
0.509827
0.509828
0.509828
0.509828
0.509829
0.509829
0.509829
0.509829
0.50983
0.50983
0.50983
0.509831
0.509831
0.509831
0.509831
0.509832
0.509832
0.509832
0.509833
0.509833
0.509833
0.509833
0.509834
0.509834
0.509834
0.509834
0.509835
0.509835
0.509835
0.509836
0.509836
0.509836
0.509836
0.509837
0.509837
0.509837
0.509838
0.509838
0.509838
0.509838
0.509839
0.509839
0.509839
0.509839
0.50984
0.50984
0.50984
0.509841
0.509841
0.509841
0.509841
0.509842
0.509842
0.509842
0.509843
0.509843
0.509843
0.509843
0.509844
0.509844
0.509844
0.509845
0.509845
0.509845
0.509845
0.509846
0.509846
0.509846
0.509847
0.509847
0.509847
0.509847
0.509848
0.509848
0.509848
0.509848
0.509849
0.509849
0.509849
0.50985
0.50985
0.50985
0.50985
0.509851
0.509851
0.509851
0.509852
0.509852
0.509852
0.509852
0.509853
0.509853
0.509853
0.509853
0.509854
0.509854
0.509854
0.509855
0.509855
0.509855
0.509855
0.509856
0.509856
0.509856
0.509857
0.509857
0.509857
0.509857
0.509858
0.509858
0.509858
0.509859
0.509859
0.509859
0.509859
0.50986
0.50986
0.50986
0.509861
0.509861
0.509861
0.509861
0.509862
0.509862
0.509862
0.509862
0.509863
0.509863
0.509863
0.509864
0.509864
0.509864
0.509864
0.509865
0.509865
0.509865
0.509865
0.509865
0.509865
0.509865
0.509865
0.509865
0.509865
0.509865
0.509866
0.509866
0.509866
0.509866
0.509866
0.509866
0.509866
0.509866
0.509866
0.509866
0.509866
0.509866
0.509866
0.509866
0.509866
0.509866
0.509867
0.509867
0.509867
0.509867
0.509867
0.509867
0.509867
0.509867
0.509867
0.509867
0.509867
0.509867
0.509867
0.509867
0.509867
0.509867
0.509868
0.509868
0.509868
0.509868
0.509868
0.509868
0.509868
0.509868
0.509868
0.509868
0.509868
0.509868
0.509868
0.509868
0.509868
0.509869
0.509869
0.509869
0.509869
0.509869
0.509869
0.509869
0.509869
0.509869
0.509869
0.509869
0.509869
0.509869
0.509869
0.509869
0.509869
0.50987
0.50987
0.50987
0.50987
0.50987
0.50987
0.50987
0.50987
0.50987
0.50987
0.50987
0.50987
0.50987
0.50987
0.50987
0.50987
0.509871
0.509871
0.509871
0.509871
0.509871
0.509871
0.509871
0.509871
0.509871
0.509871
0.509871
0.509871
0.509871
0.509871
0.509871
0.509871
0.509872
0.509872
0.509872
0.509872
0.509872
0.509872
0.509872
0.509872
0.509872
0.509872
0.509872
0.509872
0.509872
0.509872
0.509872
0.509872
0.509873
0.509873
0.509873
0.509873
0.509873
0.509873
0.509873
0.509873
0.509873
0.509873
0.509873
0.509873
0.509873
0.509873
0.509873
0.509874
0.509874
0.509874
0.509874
0.509874
0.509874
0.509874
0.509874
0.509874
0.509874
0.509874
0.509874
0.509874
0.509874
0.509874
0.509874
0.509875
0.509875
0.509875
0.509875
0.509875
0.509875
0.509875
0.509875
0.509875
0.509875
0.509875
0.509875
0.509875
0.509875
0.509875
0.509875
0.509876
0.509876
0.509876
0.509876
0.509876
0.509876
0.509876
0.509876
0.509876
0.509876
0.509876
0.509876
0.509876
0.509876
0.509876
0.509876
0.509876
0.509877
0.509877
0.509877
0.509877
0.509877
0.509877
0.509877
0.509877
0.509877
0.509877
0.509877
0.509877
0.509877
0.509877
0.509877
0.509878
0.509878
0.509878
0.509878
0.509878
0.509878
0.509878
0.509878
0.509878
0.509878
0.509878
0.509878
0.509878
0.509878
0.509878
0.509878
0.509879
0.509879
0.509879
0.509879
0.509879
0.509879
0.509879
0.509879
0.509879
0.509879
0.509879
0.509879
0.509879
0.509879
0.509879
0.509879
0.50988
0.50988
0.50988
0.50988
0.50988
0.50988
0.50988
0.50988
0.50988
0.50988
0.50988
0.50988
0.50988
0.50988
0.50988
0.50988
0.509881
0.509881
0.509881
0.509881
0.509881
0.509881
0.509881
0.509881
0.509881
0.509881
0.509881
0.509881
0.509881
0.509881
0.509881
0.509881
0.509882
0.509882
0.509882
0.509882
0.509882
0.509882
0.509882
0.509882
0.509882
0.509882
0.509882
0.509882
0.509882
0.509882
0.509882
0.509883
0.509883
0.509883
0.509883
0.509883
0.509883
0.509883
0.509883
0.509883
0.509883
0.509883
0.509883
0.509883
0.509883
0.509883
0.509883
0.509884
0.509884
0.509884
0.509884
0.509884
0.509884
0.509884
0.509884
0.509884
0.509884
0.509884
0.509884
0.509884
0.509884
0.509884
0.509884
0.509885
0.509885
0.509885
0.509885
0.509885
0.509885
0.509885
0.509885
0.509885
0.509885
0.509885
0.509885
0.509885
0.509885
0.509885
0.509885
0.509886
0.509886
0.509886
0.509886
0.509886
0.509886
0.509886
0.509886
0.509886
0.509886
0.509886
0.509886
0.509886
0.509886
0.509886
0.509886
0.509887
0.509887
0.509887
0.509887
0.509887
0.509887
0.509887
0.509887
0.509887
0.509887
0.509887
0.509887
0.509887
0.509887
0.509887
0.509887
0.509888
0.509888
0.509888
0.509888
0.509888
0.509888
0.509888
0.509888
0.509888
0.509888
0.509888
0.509888
0.509888
0.509888
0.509888
0.509888
0.509889
0.509889
0.509889
0.509889
0.509889
0.509889
0.509889
0.509889
0.509889
0.509889
0.509889
0.509889
0.509889
0.509889
0.509889
0.509889
0.50989
0.50989
0.50989
0.50989
0.50989
0.50989
0.50989
0.50989
0.50989
0.50989
0.50989
0.50989
0.50989
0.50989
0.50989
0.50989
0.509891
0.509891
0.509891
0.509891
0.509891
0.509891
0.509891
0.509891
0.509891
0.509891
0.509891
0.509891
0.509891
0.509891
0.509891
0.509892
0.509892
0.509892
0.509892
0.509892
0.509892
0.509892
0.509892
0.509892
0.509892
0.509892
0.509892
0.509892
0.509892
0.509892
0.509892
0.509893
0.509893
0.509893
0.509893
0.509893
0.509893
0.509893
0.509893
0.509893
0.509893
0.509893
0.509893
0.509893
0.509893
0.509893
0.509893
0.509894
0.509894
0.509894
0.509894
0.509894
0.509894
0.509894
0.509894
0.509894
0.509894
0.509894
0.509894
0.509894
0.509894
0.509894
0.509894
0.509895
0.509895
0.509895
0.509895
0.509895
0.509895
0.509895
0.509895
0.509895
0.509895
0.509895
0.509895
0.509895
0.509895
0.509895
0.509896
0.509896
0.509896
0.509896
0.509896
0.509896
0.509896
0.509896
0.509896
0.509896
0.509896
0.509896
0.509896
0.509896
0.509896
0.509896
0.509896
0.509897
0.509897
0.509897
0.509897
0.509897
0.509897
0.509897
0.509897
0.509897
0.509897
0.509897
0.509897
0.509897
0.509897
0.509897
0.509897
0.509898
0.509898
0.509898
0.509898
0.509898
0.509898
0.509898
0.509898
0.509898
0.509898
0.509898
0.509898
0.509898
0.509898
0.509898
0.509898
0.509899
0.509899
0.509899
0.509899
0.509899
0.509899
0.509899
0.509899
0.509899
0.509899
0.509899
0.509899
0.509899
0.509899
0.509899
0.509899
0.5099
0.5099
0.5099
0.5099
0.5099
0.5099
0.5099
0.5099
0.5099
0.5099
0.5099
0.5099
0.5099
0.5099
0.5099
0.509901
0.509901
0.509901
0.509901
0.509901
0.509901
0.509901
0.509901
0.509901
0.509901
0.509901
0.509901
0.509901
0.509901
0.509901
0.509901
0.509902
0.509902
0.509902
0.509902
0.509902
0.509902
0.509902
0.509902
0.509902
0.509902
0.509902
0.509902
0.509902
0.509902
0.509902
0.509902
0.509903
0.509903
0.509903
0.509903
0.509903
0.509903
0.509903
0.509903
0.509903
0.509903
0.509903
0.509903
0.509903
0.509903
0.509903
0.509903
0.509904
0.509904
0.509904
0.509904
0.509904
0.509904
0.509904
0.509904
0.509904
0.509904
0.509904
0.509904
0.509904
0.509904
0.509904
0.509905
0.509905
0.509905
0.509905
0.509905
0.509905
0.509905
0.509905
0.509905
0.509905
0.509905
0.509905
0.509905
0.509905
0.509905
0.509905
0.509906
0.509906
0.509906
0.509906
0.509906
0.509906
0.509906
0.509906
0.509906
0.509906
0.509906
0.509906
0.509906
0.509906
0.509906
0.509906
0.509907
0.509907
0.509907
0.509907
0.509907
0.509907
0.509907
0.509907
0.509907
0.509907
0.509907
0.509907
0.509907
0.509907
0.509907
0.509907
0.509907
0.509908
0.509908
0.509908
0.509908
0.509908
0.509908
0.509908
0.509908
0.509908
0.509908
0.509908
0.509908
0.509908
0.509908
0.509908
0.509908
0.509909
0.509909
0.509909
0.509909
0.509909
0.509909
0.509909
0.509909
0.509909
0.509909
0.509909
0.509909
0.509909
0.509909
0.509909
0.50991
0.50991
0.50991
0.50991
0.50991
0.50991
0.50991
0.50991
0.50991
0.50991
0.50991
0.50991
0.50991
0.50991
0.50991
0.50991
0.509911
0.509911
0.509911
0.509911
0.509911
0.509911
0.509911
0.509911
0.509911
0.509911
0.509911
0.509911
0.509911
0.509911
0.509911
0.509911
0.509912
0.509912
0.509912
0.509912
0.509912
0.509912
0.509912
0.509912
0.509912
0.509912
0.509912
0.509912
0.509912
0.509912
0.509912
0.509912
0.509913
0.509913
0.509913
0.509913
0.509913
0.509913
0.509913
0.509913
0.509913
0.509913
0.509913
0.509913
0.509913
0.509913
0.509913
0.509914
0.509914
0.509914
0.509914
0.509914
0.509914
0.509914
0.509914
0.509914
0.509914
0.509914
0.509914
0.509914
0.509914
0.509914
0.509914
0.509915
0.509915
0.509915
0.509915
0.509915
0.509915
0.509915
0.509915
0.509915
0.509915
0.509915
0.509915
0.509915
0.509915
0.509915
0.509915
0.509916
0.509916
0.509916
0.509916
0.509916
0.509916
0.509916
0.509916
0.509916
0.509916
0.509916
0.509916
0.509916
0.509916
0.509916
0.509916
0.509917
0.509917
0.509917
0.509917
0.509917
0.509917
0.509917
0.509917
0.509917
0.509917
0.509917
0.509917
0.509917
0.509917
0.509917
0.509917
0.509918
0.509918
0.509918
0.509918
0.509918
0.509918
0.509918
0.509918
0.509918
0.509918
0.509918
0.509918
0.509918
0.509918
0.509918
0.509918
0.509919
0.509919
0.509919
0.509919
0.509919
0.509919
0.509919
0.509919
0.509919
0.509919
0.509919
0.509919
0.509919
0.509919
0.509919
0.509919
0.50992
0.50992
0.50992
0.50992
0.50992
0.50992
0.50992
0.50992
0.50992
0.50992
0.50992
0.50992
0.50992
0.50992
0.50992
0.50992
0.509921
0.509921
0.509921
0.509921
0.509921
0.509921
0.509921
0.509921
0.509921
0.509921
0.509921
0.509921
0.509921
0.509921
0.509921
0.509921
0.509922
0.509922
0.509922
0.509922
0.509922
0.509922
0.509922
0.509922
0.509922
0.509922
0.509922
0.509922
0.509922
0.509922
0.509922
0.509923
0.509923
0.509923
0.509923
0.509923
0.509923
0.509923
0.509923
0.509923
0.509923
0.509923
0.509923
0.509923
0.509923
0.509923
0.509923
0.509924
0.509924
0.509924
0.509924
0.509924
0.509924
0.509924
0.509924
0.509924
0.509924
0.509924
0.509924
0.509924
0.509924
0.509924
0.509924
0.509925
0.509925
0.509925
0.509925
0.509925
0.509925
0.509925
0.509925
0.509925
0.509925
0.509925
0.509925
0.509925
0.509925
0.509925
0.509925
0.509926
0.509926
0.509926
0.509926
0.509926
0.509926
0.509926
0.509926
0.509926
0.509926
0.509926
0.509926
0.509926
0.509926
0.509926
0.509926
0.509927
0.509927
0.509927
0.509927
0.509927
0.509927
0.509927
0.509927
0.509927
0.509927
0.509927
0.509927
0.509927
0.509927
0.509927
0.509928
0.509928
0.509928
0.509928
0.509928
0.509928
0.509928
0.509928
0.509928
0.509928
0.509928
0.509928
0.509928
0.509928
0.509928
0.509928
0.509928
0.509929
0.509929
0.509929
0.509929
0.509929
0.509929
0.509929
0.509929
0.509929
0.509929
0.509929
0.509929
0.509929
0.509929
0.509929
0.509929
0.50993
0.50993
0.50993
0.50993
0.50993
0.50993
0.50993
0.50993
0.50993
0.50993
0.50993
0.50993
0.50993
0.50993
0.50993
0.50993
0.509931
0.509931
0.509931
0.509931
0.509931
0.509931
0.509931
0.509931
0.509931
0.509931
0.509931
0.509931
0.509931
0.509931
0.509931
0.509932
0.509932
0.509932
0.509932
0.509932
0.509932
0.509932
0.509932
0.509932
0.509932
0.509932
0.509932
0.509932
0.509932
0.509932
0.509932
0.509933
0.509933
0.509933
0.509933
0.509933
0.509933
0.509933
0.509933
0.509933
0.509933
0.509933
0.509933
0.509933
0.509933
0.509933
0.509933
0.509934
0.509934
0.509934
0.509934
0.509934
0.509934
0.509934
0.509934
0.509934
0.509934
0.509934
0.509934
0.509934
0.509934
0.509934
0.509934
0.509935
0.509935
0.509935
0.509935
0.509935
0.509935
0.509935
0.509935
0.509935
0.509935
0.509935
0.509935
0.509935
0.509935
0.509935
0.509935
0.509936
0.509936
0.509936
0.509936
0.509936
0.509936
0.509936
0.509936
0.509936
0.509936
0.509936
0.509936
0.509936
0.509936
0.509936
0.509937
0.509937
0.509937
0.509937
0.509937
0.509937
0.509937
0.509937
0.509937
0.509937
0.509937
0.509937
0.509937
0.509937
0.509937
0.509937
0.509938
0.509938
0.509938
0.509938
0.509938
0.509938
0.509938
0.509938
0.509938
0.509938
0.509938
0.509938
0.509938
0.509938
0.509938
0.509938
0.509939
0.509939
0.509939
0.509939
0.509939
0.509939
0.509939
0.509939
0.509939
0.509939
0.509939
0.509939
0.509939
0.509939
0.509939
0.509939
0.509939
0.50994
0.50994
0.50994
0.50994
0.50994
0.50994
0.50994
0.50994
0.50994
0.50994
0.50994
0.50994
0.50994
0.50994
0.50994
0.509941
0.509941
0.509941
0.509941
0.509941
0.509941
0.509941
0.509941
0.509941
0.509941
0.509941
0.509941
0.509941
0.509941
0.509941
0.509941
0.509942
0.509942
0.509942
0.509942
0.509942
0.509942
0.509942
0.509942
0.509942
0.509942
0.509942
0.509942
0.509942
0.509942
0.509942
0.509942
0.509943
0.509943
0.509943
0.509943
0.509943
0.509943
0.509943
0.509943
0.509943
0.509943
0.509943
0.509943
0.509943
0.509943
0.509943
0.509943
0.509944
0.509944
0.509944
0.509944
0.509944
0.509944
0.509944
0.509944
0.509944
0.509944
0.509944
0.509944
0.509944
0.509944
0.509944
0.509944
0.509945
0.509945
0.509945
0.509945
0.509945
0.509945
0.509945
0.509945
0.509945
0.509945
0.509945
0.509945
0.509945
0.509945
0.509945
0.509946
0.509946
0.509946
0.509946
0.509946
0.509946
0.509946
0.509946
0.509946
0.509946
0.509946
0.509946
0.509946
0.509946
0.509946
0.509946
0.509947
0.509947
0.509947
0.509947
0.509947
0.509947
0.509947
0.509947
0.509947
0.509947
0.509947
0.509947
0.509947
0.509947
0.509947
0.509947
0.509948
0.509948
0.509948
0.509948
0.509948
0.509948
0.509948
0.509948
0.509948
0.509948
0.509948
0.509948
0.509948
0.509948
0.509948
0.509948
0.509949
0.509949
0.509949
0.509949
0.509949
0.509949
0.509949
0.509949
0.509949
0.509949
0.509949
0.509949
0.509949
0.509949
0.509949
0.509949
0.50995
0.50995
0.50995
0.50995
0.50995
0.50995
0.50995
0.50995
0.50995
0.50995
0.50995
0.50995
0.50995
0.50995
0.50995
0.50995
0.509951
0.509951
0.509951
0.509951
0.509951
0.509951
0.509951
0.509951
0.509951
0.509951
0.509951
0.509951
0.509951
0.509951
0.509951
0.509951
0.509952
0.509952
0.509952
0.509952
0.509952
0.509952
0.509952
0.509952
0.509952
0.509952
0.509952
0.509952
0.509952
0.509952
0.509952
0.509952
0.509953
0.509953
0.509953
0.509953
0.509953
0.509953
0.509953
0.509953
0.509953
0.509953
0.509953
0.509953
0.509953
0.509953
0.509953
0.509953
0.509954
0.509954
0.509954
0.509954
0.509954
0.509954
0.509954
0.509954
0.509954
0.509954
0.509954
0.509954
0.509954
0.509954
0.509954
0.509955
0.509955
0.509955
0.509955
0.509955
0.509955
0.509955
0.509955
0.509955
0.509955
0.509955
0.509955
0.509955
0.509955
0.509955
0.509955
0.509956
0.509956
0.509956
0.509956
0.509956
0.509956
0.509956
0.509956
0.509956
0.509956
0.509956
0.509956
0.509956
0.509956
0.509956
0.509956
0.509957
0.509957
0.509957
0.509957
0.509957
0.509957
0.509957
0.509957
0.509957
0.509957
0.509957
0.509957
0.509957
0.509957
0.509957
0.509957
0.509958
0.509958
0.509958
0.509958
0.509958
0.509958
0.509958
0.509958
0.509958
0.509958
0.509958
0.509958
0.509958
0.509958
0.509958
0.509959
0.509959
0.509959
0.509959
0.509959
0.509959
0.509959
0.509959
0.509959
0.509959
0.509959
0.509959
0.509959
0.509959
0.509959
0.509959
0.509959
0.50996
0.50996
0.50996
0.50996
0.50996
0.50996
0.50996
0.50996
0.50996
0.50996
0.509992
0.510023
0.510055
0.510055
0.51015
0.51015
0.510245
0.51034
0.510435
0.51053
0.510625
0.51072
0.510815
0.511005
0.511195
0.51129
0.51148
0.51167
0.511765
0.511955
0.512145
0.512335
0.512525
0.51281
0.513
0.51319
0.513475
0.513665
0.51395
0.51414
0.514425
0.514615
0.5149
0.515185
0.51547
0.51566
0.515945
0.51623
0.516515
0.5168
0.517085
0.51737
0.51756
0.517845
0.51813
0.51832
0.518605
0.51889
0.519175
0.51946
0.51965
0.519935
0.520125
0.52041
0.5206
0.520885
0.521075
0.521265
0.521455
0.521645
0.521835
0.522025
0.522215
0.522405
0.522595
0.522785
0.522975
0.523165
0.523355
0.523545
0.523735
0.523925
0.524115
0.52421
0.5244
0.524495
0.52459
0.52478
0.524875
0.52497
0.52516
0.525255
0.52535
0.525445
0.52554
0.525635
0.52573
0.525825
0.52592
0.526015
0.526015
0.52611
0.526205
0.5263
0.526395
0.52649
0.52649
0.526585
0.52668
0.52668
0.526775
0.52687
0.52687
0.526965
0.526965
0.52706
0.52706
0.527155
0.527155
0.52725
0.52725
0.527345
0.527345
0.527393
0.52744
0.52744
0.527488
0.527535
0.527535
0.527559
0.527583
0.527606
0.52763
0.52763
0.527649
0.527668
0.527687
0.527706
0.527725
0.527725
0.527744
0.527763
0.527782
0.527801
0.52782
0.52782
0.527831
0.527841
0.527852
0.527862
0.527873
0.527883
0.527894
0.527904
0.527915
0.527915
0.52792
0.527924
0.527929
0.527934
0.527939
0.527943
0.527948
0.527953
0.527958
0.527963
0.527967
0.527972
0.527977
0.527982
0.527986
0.527991
0.527996
0.528001
0.528005
0.52801
0.52801
0.528011
0.528011
0.528012
0.528012
0.528013
0.528014
0.528014
0.528015
0.528015
0.528016
0.528017
0.528017
0.528018
0.528018
0.528019
0.528019
0.52802
0.528021
0.528021
0.528022
0.528022
0.528023
0.528024
0.528024
0.528025
0.528025
0.528026
0.528027
0.528027
0.528028
0.528028
0.528029
0.52803
0.52803
0.528031
0.528031
0.528032
0.528033
0.528033
0.528034
0.528034
0.528035
0.528036
0.528036
0.528037
0.528037
0.528038
0.528039
0.528039
0.52804
0.52804
0.528041
0.528041
0.528042
0.528043
0.528043
0.528044
0.528044
0.528045
0.528046
0.528046
0.528047
0.528047
0.528048
0.528049
0.528049
0.52805
0.52805
0.528051
0.528052
0.528052
0.528053
0.528053
0.528054
0.528055
0.528055
0.528056
0.528056
0.528057
0.528057
0.528058
0.528059
0.528059
0.52806
0.52806
0.528061
0.528062
0.528062
0.528063
0.528063
0.528064
0.528065
0.528065
0.528066
0.528066
0.528067
0.528068
0.528068
0.528069
0.528069
0.52807
0.528071
0.528071
0.528072
0.528072
0.528073
0.528073
0.528074
0.528075
0.528075
0.528076
0.528076
0.528077
0.528078
0.528078
0.528079
0.528079
0.52808
0.528081
0.528081
0.528082
0.528082
0.528083
0.528084
0.528084
0.528085
0.528085
0.528086
0.528087
0.528087
0.528088
0.528088
0.528089
0.52809
0.52809
0.528091
0.528091
0.528092
0.528093
0.528093
0.528094
0.528094
0.528095
0.528095
0.528096
0.528097
0.528097
0.528098
0.528098
0.528099
0.5281
0.5281
0.528101
0.528101
0.528102
0.528103
0.528103
0.528104
0.528104
0.528105
0.528105
0.5282
0.528485
0.52877
0.52915
0.52972
0.53048
0.53124
0.532095
0.53314
0.53428
0.535325
0.536465
0.537605
0.538745
0.539885
0.540835
0.541975
0.542925
0.543875
0.54473
0.545395
0.54606
0.546725
0.5472
0.547675
0.548055
0.54834
0.548625
0.54891
0.5491
0.54929
0.549575
0.54967
0.54986
0.549955
0.549955
0.55005
0.550145
0.550145
0.55024
0.55024
0.550287
0.550335
0.550335
0.550359
0.550382
0.550406
0.55043
0.55043
0.550436
0.550441
0.550447
0.550452
0.550458
0.550463
0.550469
0.550475
0.55048
0.550486
0.550491
0.550497
0.550503
0.550508
0.550514
0.550519
0.550525
0.550531
0.550536
0.550542
0.550547
0.550553
0.550559
0.550564
0.55057
0.550575
0.550581
0.550586
0.550592
0.550598
0.550603
0.550609
0.550614
0.55062
0.55195
0.55594
0.563445
0.57342
0.585865
0.60078
0.61617
0.633935
0.6536
0.674785
0.697205
0.719625
0.73948
0.761235
0.78641
0.819375
0.86222
0.87286
0.95
0.95
0.95002
0.95004
0.95006
0.95008
0.9501
0.95012
0.95014
0.95016
0.95018
0.9502
0.95022
0.95024
0.95026
0.95028
0.9503
0.95032
0.95034
0.95036
0.95038
0.9504
0.95042
0.95044
0.95046
0.95048
0.9505
0.95052
0.95054
0.95056
0.95058
0.9506
0.95062
0.95064
0.95066
0.95068
0.9507
0.95072
0.95074
0.95076
0.95078
0.9508
0.95082
0.95084
0.95086
0.95088
0.9509
0.95092
0.95094
0.95096
0.95098
0.951
0.95102
0.95104
0.95106
0.95108
0.9511
0.95112
0.95114
0.95116
0.95118
0.9512
0.95122
0.95124
0.95126
0.95128
0.9513
0.95132
0.95134
0.95136
0.95138
0.9514
0.95142
0.95144
0.95146
0.95148
0.9515
0.95152
0.95154
0.95156
0.95158
0.9516
0.95162
0.95164
0.95166
0.95168
0.9517
0.95172
0.95174
0.95176
0.95178
0.9518
0.95182
0.95184
0.95186
0.95188
0.9519
0.95192
0.95194
0.95196
0.95198
0.952
0.95202
0.95204
0.95206
0.95208
0.9521
0.95212
0.95214
0.95216
0.95218
0.9522
0.95222
0.95224
0.95226
0.95228
0.9523
0.95232
0.95234
0.95236
0.95238
0.9524
0.95242
0.95244
0.95246
0.95248
0.9525
0.95252
0.95254
0.95256
0.95258
0.9526
0.95262
0.95264
0.95266
0.95268
0.9527
0.95272
0.95274
0.95276
0.95278
0.9528
0.95282
0.95284
0.95286
0.95288
0.9529
0.95292
0.95294
0.95296
0.95298
0.953
0.95302
0.95304
0.95306
0.95308
0.9531
0.95312
0.95314
0.95316
0.95318
0.9532
0.95322
0.95324
0.95326
0.95328
0.9533
0.95332
0.95334
0.95336
0.95338
0.9534
0.95342
0.95344
0.95346
0.95348
0.9535
0.95352
0.95354
0.95356
0.95358
0.9536
0.95362
0.95364
0.95366
0.95368
0.9537
0.95372
0.95374
0.95376
0.95378
0.9538
0.95382
0.95384
0.95386
0.95388
0.9539
0.95392
0.95394
0.95396
0.95398
0.954
0.95402
0.95404
0.95406
0.95408
0.9541
0.95412
0.95414
0.95416
0.95418
0.9542
0.95422
0.95424
0.95426
0.95428
0.9543
0.95432
0.95434
0.95436
0.95438
0.9544
0.95442
0.95444
0.95446
0.95448
0.9545
0.95452
0.95454
0.95456
0.95458
0.9546
0.95462
0.95464
0.95466
0.95468
0.9547
0.95472
0.95474
0.95476
0.95478
0.9548
0.95482
0.95484
0.95486
0.95488
0.9549
0.95492
0.95494
0.95496
0.95498
0.955
0.95502
0.95504
0.95506
0.95508
0.9551
0.95512
0.95514
0.95516
0.95518
0.9552
0.95522
0.95524
0.95526
0.95528
0.9553
0.95532
0.95534
0.95536
0.95538
0.9554
0.95542
0.95544
0.95546
0.95548
0.9555
0.95552
0.95554
0.95556
0.95558
0.9556
0.95562
0.95564
0.95566
0.95568
0.9557
0.95572
0.95574
0.95576
0.95578
0.9558
0.95582
0.95584
0.95586
0.95588
0.9559
0.95592
0.95594
0.95596
0.95598
0.956
0.95602
0.95604
0.95606
0.95608
0.9561
0.95612
0.95614
0.95616
0.95618
0.9562
0.95622
0.95624
0.95626
0.95628
0.9563
0.95632
0.95634
0.95636
0.95638
0.9564
0.95642
0.95644
0.95646
0.95648
0.9565
0.95652
0.95654
0.95656
0.95658
0.9566
0.95662
0.95664
0.95666
0.95668
0.9567
0.95672
0.95674
0.95676
0.95678
0.9568
0.95682
0.95684
0.95686
0.95688
0.9569
0.95692
0.95694
0.95696
0.95698
0.957
0.95702
0.95704
0.95706
0.95708
0.9571
0.95712
0.95714
0.95716
0.95718
0.9572
0.95722
0.95724
0.95726
0.95728
0.9573
0.95732
0.95734
0.95736
0.95738
0.9574
0.95742
0.95744
0.95746
0.95748
0.9575
0.95752
0.95754
0.95756
0.95758
0.9576
0.95762
0.95764
0.95766
0.95768
0.9577
0.95772
0.95774
0.95776
0.95778
0.9578
0.95782
0.95784
0.95786
0.95788
0.9579
0.95792
0.95794
0.95796
0.95798
0.958
0.95802
0.95804
0.95806
0.95808
0.9581
0.95812
0.95814
0.95816
0.95818
0.9582
0.95822
0.95824
0.95826
0.95828
0.9583
0.95832
0.95834
0.95836
0.95838
0.9584
0.95842
0.95844
0.95846
0.95848
0.9585
0.95852
0.95854
0.95856
0.95858
0.9586
0.95862
0.95864
0.95866
0.95868
0.9587
0.95872
0.95874
0.95876
0.95878
0.9588
0.95882
0.95884
0.95886
0.95888
0.9589
0.95892
0.95894
0.95896
0.95898
0.959
0.95902
0.95904
0.95906
0.95908
0.9591
0.95912
0.95914
0.95916
0.95918
0.9592
0.95922
0.95924
0.95926
0.95928
0.9593
0.95932
0.95934
0.95936
0.95938
0.9594
0.95942
0.95944
0.95946
0.95948
0.9595
0.95952
0.95954
0.95956
0.95958
0.9596
0.95962
0.95964
0.95966
0.95968
0.9597
0.95972
0.95974
0.95976
0.95978
0.9598
0.95982
0.95984
0.95986
0.95988
0.9599
0.95992
0.95994
0.95996
0.95998
