5.96
-0.36
0.01
0.01
0.01
0.01
0.01
0.01
0.01
0.01
0.01
0.01
0.01
0.01
0.01
0.01
0.01
0.01
0.01
0.01
0.01
0.01
0.01
0.01
0.01
0.01
0.01
0.01
0.01
0.01
0.01
0.01
0.01
0.01
0.01
0.01
0.01
0.01
0.01
0.01
0.01
0.01
0.01
0.01
0.01
0.01
0.01
0.01
0.01
0.01
0.01
0.01
0.01
0.01
0.01
0.01
0.01
0.01
0.01
0.01
0.01
0.01
0.01
0.01
0.01
0.01
0.01
0.01
0.01
0.01
0.01
0.01
0.01
0.0101283
0.0102729
0.0104176
0.0105623
0.010707
0.0108517
0.0109964
0.0111411
0.0112858
0.0114305
0.0115752
0.0117198
0.0118645
0.0120092
0.0121539
0.0122986
0.0124433
0.012588
0.0127327
0.0128774
0.013022
0.0131667
0.0133114
0.0134561
0.0136008
0.0137455
0.0138902
0.0140349
0.0141796
0.0143242
0.0144689
0.0146136
0.0147583
0.014903
0.0150477
0.0151924
0.0153371
0.0154818
0.0156265
0.0157711
0.0159158
0.0160605
0.0162052
0.0163499
0.0164946
0.0166393
0.016784
0.0169287
0.0170733
0.017218
0.0173627
0.0175074
0.0176521
0.0177968
0.0179415
0.0180862
0.0182309
0.0183756
0.0185202
0.0186649
0.0188096
0.0189543
0.019099
0.0192437
0.0193884
0.0195331
0.0196778
0.0198224
0.0199671
0.0201118
0.0202565
0.0204012
0.0205459
0.0206906
0.0208353
0.02098
0.0211246
0.0212693
0.021414
0.0215587
0.0217034
0.0218481
0.0219928
0.0221375
0.0222822
0.0224269
0.0225715
0.0227162
0.0228609
0.0230056
0.0231503
0.023295
0.0234397
0.0235844
0.0237291
0.0238737
0.0240184
0.0241631
0.0243078
0.0244525
0.0245972
0.0247419
0.0248866
0.0250313
0.025176
0.0253206
0.0254653
0.02561
0.0257547
0.0258994
0.0260441
0.0261888
0.0263335
0.0264782
0.0266228
0.0267675
0.0269122
0.0270569
0.0272016
0.0273463
0.027491
0.0276357
0.0277804
0.027925
0.0280697
0.0282144
0.0283591
0.0285038
0.0286485
0.0287932
0.0289379
0.0290826
0.0292273
0.0293719
0.0295166
0.0296613
0.029806
0.0299507
0.0300954
0.0302401
0.0303848
0.0305295
0.0306741
0.0308188
0.0309635
0.0311082
0.0312529
0.0313976
0.0315423
0.031687
0.0318317
0.0319764
0.032121
0.0322657
0.0324104
0.0325551
0.0326998
0.0328445
0.0329892
0.0331339
0.0332786
0.0334232
0.0335679
0.0337126
0.0338573
0.034002
0.0341467
0.0342914
0.0344361
0.0345808
0.0347254
0.0348701
0.0350148
0.0351595
0.0353042
0.0354489
0.0355936
0.0357383
0.035883
0.0360277
0.0361723
0.036317
0.0364617
0.0366064
0.0367511
0.0368958
0.0370405
0.0371852
0.0373299
0.0374746
0.0376192
0.0377639
0.0379086
0.0380533
0.038198
0.0383427
0.0384874
0.0386321
0.0387768
0.0389214
0.0390661
0.0392108
0.0393555
0.0395002
0.0396449
0.0397896
0.0399343
0.040079
0.0402236
0.0403683
0.040513
0.0406577
0.0408024
0.0409471
0.0410918
0.0412365
0.0413812
0.0415259
0.0416705
0.0418152
0.0419599
0.0421046
0.0422493
0.042394
0.0425387
0.0426834
0.0428281
0.0429727
0.0431174
0.0432621
0.0434068
0.0435515
0.0436962
0.0438409
0.0439856
0.0441303
0.044275
0.0444196
0.0445643
0.044709
0.0448537
0.0449984
0.0451431
0.0452878
0.0454325
0.0455772
0.0457218
0.0458665
0.0460112
0.0461559
0.0463006
0.0464453
0.04659
0.0467347
0.0468794
0.047024
0.0471687
0.0473134
0.0474581
0.0476028
0.0477475
0.0478922
0.0480369
0.0481816
0.0483263
0.0484709
0.0486156
0.0487603
0.048905
0.0490497
0.0491944
0.0493391
0.0494838
0.0496285
0.0497731
0.0499178
0.0500625
0.0502072
0.0503519
0.0504966
0.0506413
0.050786
0.0509307
0.0510754
0.05122
0.0513647
0.0515094
0.0516541
0.0517988
0.0519435
0.0520882
0.0522329
0.0523776
0.0525222
0.0526669
0.0528116
0.0529563
0.053101
0.0532457
0.0533904
0.0535351
0.0536798
0.0538245
0.0539691
0.0541138
0.0542585
0.0544032
0.0545479
0.0546926
0.0548373
0.054982
0.0551267
0.0552713
0.055416
0.0555607
0.0557054
0.0558501
0.0559948
0.0561395
0.0562842
0.0564289
0.0565735
0.0567182
0.0568629
0.0570076
0.0571523
0.057297
0.0574417
0.0575864
0.0577311
0.0578758
0.0580204
0.0581651
0.0583098
0.0584545
0.0585992
0.0587439
0.0588886
0.0590333
0.059178
0.0593226
0.0594673
0.059612
0.0597567
0.0599014
0.0600461
0.0601908
0.0603355
0.0604802
0.0606248
0.0607695
0.0609142
0.0610589
0.0612036
0.0613483
0.061493
0.0616377
0.0617824
0.0619271
0.0620717
0.0622164
0.0623611
0.0625058
0.0626505
0.0627952
0.0629399
0.0630846
0.0632293
0.0633739
0.0635186
0.0636633
0.063808
0.0639527
0.0640974
0.0642421
0.0643868
0.0645315
0.0646762
0.0648208
0.0649655
0.0651102
0.0652549
0.0653996
0.0655443
0.065689
0.0658337
0.0659784
0.066123
0.0662677
0.0664124
0.0665571
0.0667018
0.0668465
0.0669912
0.0671359
0.0672806
0.0674253
0.0675699
0.0677146
0.0678593
0.068004
0.0681487
0.0682934
0.0684381
0.0685828
0.0687275
0.0688721
0.0690168
0.0691615
0.0693062
0.0694509
0.0695956
0.0697403
0.069885
0.0700297
0.0701743
0.070319
0.0704637
0.0706084
0.0707531
0.0708978
0.0710425
0.0711872
0.0713319
0.0714766
0.0716212
0.0717659
0.0719106
0.0720553
0.0722
0.0722
0.0728107
0.0734214
0.0740321
0.0746429
0.0752536
0.0758643
0.076475
0.0770857
0.0776964
0.0783071
0.0789179
0.0795286
0.0801393
0.08075
0.08075
0.0811979
0.0816457
0.0820936
0.0825414
0.0829893
0.0834371
0.083885
0.0843329
0.0847807
0.0852286
0.0856764
0.0861243
0.0865721
0.08702
0.08702
0.0881193
0.0892186
0.0903179
0.0914171
0.0925164
0.0936157
0.094715
0.0958143
0.0969136
0.0980129
0.0991121
0.100211
0.101311
0.10241
0.10241
0.103855
0.105301
0.106746
0.108191
0.109637
0.111082
0.112527
0.113973
0.115418
0.116864
0.118309
0.119754
0.1212
0.122645
0.122645
0.124464
0.126282
0.128101
0.129919
0.131738
0.133556
0.135375
0.137194
0.139012
0.140831
0.142649
0.144468
0.146286
0.148105
0.148105
0.149218
0.150331
0.151444
0.152556
0.153669
0.154782
0.155895
0.157008
0.158121
0.159234
0.160346
0.161459
0.162572
0.163685
0.163685
0.164418
0.165151
0.165884
0.166616
0.167349
0.168082
0.168815
0.169548
0.170281
0.171014
0.171746
0.172479
0.173212
0.173945
0.173945
0.174169
0.174393
0.174617
0.174841
0.175065
0.175289
0.175512
0.175736
0.17596
0.176184
0.176408
0.176632
0.176856
0.17708
0.17708
0.177256
0.177433
0.177609
0.177786
0.177962
0.178139
0.178315
0.178491
0.178668
0.178844
0.179021
0.179197
0.179374
0.17955
0.17955
0.179765
0.179981
0.180196
0.180411
0.180627
0.180842
0.181057
0.181273
0.181488
0.181703
0.181919
0.182134
0.182349
0.182565
0.18278
0.18278
0.182882
0.182984
0.183085
0.183187
0.183289
0.183391
0.183493
0.183594
0.183696
0.183798
0.1839
0.184001
0.184103
0.184205
0.184205
0.184381
0.184558
0.184734
0.184911
0.185087
0.185264
0.18544
0.185616
0.185793
0.185969
0.186146
0.186322
0.186499
0.186675
0.186675
0.186784
0.186892
0.187001
0.187109
0.187218
0.187326
0.187435
0.187544
0.187652
0.187761
0.187869
0.187978
0.188086
0.188195
0.188195
0.188358
0.188521
0.188684
0.188846
0.189009
0.189172
0.189335
0.189498
0.189661
0.189824
0.189986
0.190149
0.190312
0.190475
0.190475
0.190611
0.190746
0.190882
0.191018
0.191154
0.191289
0.191425
0.191561
0.191696
0.191832
0.191968
0.192104
0.192239
0.192375
0.192375
0.19249
0.192606
0.192721
0.192836
0.192952
0.193067
0.193182
0.193298
0.193413
0.193529
0.193644
0.193759
0.193875
0.19399
0.19399
0.194173
0.194356
0.19454
0.194723
0.194906
0.195089
0.195273
0.195456
0.195639
0.195822
0.196005
0.196189
0.196372
0.196555
0.196555
0.196772
0.196989
0.197206
0.197424
0.197641
0.197858
0.198075
0.198292
0.198509
0.198726
0.198944
0.199161
0.199378
0.199595
0.199595
0.199683
0.199771
0.19986
0.199948
0.200036
0.200124
0.200212
0.200301
0.200389
0.200477
0.200565
0.200654
0.200742
0.20083
0.20083
0.20095
0.201071
0.201191
0.201311
0.201432
0.201552
0.201672
0.201793
0.201913
0.202033
0.202154
0.202274
0.202394
0.202515
0.202635
0.202635
0.202784
0.202934
0.203083
0.203232
0.203381
0.203531
0.20368
0.203829
0.203979
0.204128
0.204277
0.204426
0.204576
0.204725
0.204725
0.204861
0.204996
0.205132
0.205268
0.205404
0.205539
0.205675
0.205811
0.205946
0.206082
0.206218
0.206354
0.206489
0.206625
0.206625
0.206808
0.206991
0.207175
0.207358
0.207541
0.207724
0.207907
0.208091
0.208274
0.208457
0.20864
0.208824
0.209007
0.20919
0.20919
0.209353
0.209516
0.209679
0.209841
0.210004
0.210167
0.21033
0.210493
0.210656
0.210819
0.210981
0.211144
0.211307
0.21147
0.21147
0.211619
0.211769
0.211918
0.212067
0.212216
0.212366
0.212515
0.212664
0.212814
0.212963
0.213112
0.213261
0.213411
0.21356
0.21356
0.213716
0.213872
0.214028
0.214184
0.21434
0.214496
0.214653
0.214809
0.214965
0.215121
0.215277
0.215433
0.215589
0.215745
0.215745
0.21586
0.215976
0.216091
0.216206
0.216322
0.216437
0.216552
0.216668
0.216783
0.216899
0.217014
0.217129
0.217245
0.21736
0.21736
0.217523
0.217686
0.217849
0.218011
0.218174
0.218337
0.2185
0.218663
0.218826
0.218989
0.219151
0.219314
0.219477
0.21964
0.21964
0.21983
0.22002
0.22021
0.2204
0.22059
0.22078
0.22097
0.22116
0.22135
0.22154
0.22173
0.22192
0.22211
0.2223
0.2223
0.222382
0.222465
0.222547
0.222629
0.222712
0.222794
0.222876
0.222959
0.223041
0.223123
0.223206
0.223288
0.22337
0.223453
0.223535
0.223535
0.223745
0.223956
0.224166
0.224376
0.224587
0.224797
0.225008
0.225218
0.225428
0.225639
0.225849
0.226059
0.22627
0.22648
0.22648
0.22665
0.226819
0.226989
0.227159
0.227328
0.227498
0.227667
0.227837
0.228007
0.228176
0.228346
0.228516
0.228685
0.228855
0.228855
0.228984
0.229113
0.229242
0.229371
0.2295
0.229629
0.229757
0.229886
0.230015
0.230144
0.230273
0.230402
0.230531
0.23066
0.23066
0.23083
0.230999
0.231169
0.231339
0.231508
0.231678
0.231847
0.232017
0.232187
0.232356
0.232526
0.232696
0.232865
0.233035
0.233035
0.233259
0.233483
0.233707
0.233931
0.234155
0.234379
0.234603
0.234826
0.23505
0.235274
0.235498
0.235722
0.235946
0.23617
0.23617
0.23767
0.239169
0.240669
0.242169
0.243668
0.245168
0.246668
0.248167
0.249667
0.251166
0.252666
0.254166
0.255665
0.257165
0.257165
0.257592
0.25802
0.258448
0.258875
0.259302
0.25973
0.260158
0.260585
0.261012
0.26144
0.261868
0.262295
0.262722
0.26315
0.26315
0.263734
0.264317
0.264901
0.265484
0.266068
0.266651
0.267235
0.267819
0.268402
0.268986
0.269569
0.270153
0.270736
0.27132
0.27132
0.271951
0.272582
0.273213
0.273844
0.274475
0.275106
0.275738
0.276369
0.277
0.277631
0.278262
0.278893
0.279524
0.280155
0.280155
0.280744
0.281333
0.281922
0.282511
0.2831
0.283689
0.284278
0.284867
0.285456
0.286045
0.286634
0.287223
0.287812
0.288401
0.28899
0.28899
0.28958
0.290171
0.290761
0.291351
0.291942
0.292532
0.293123
0.293713
0.294303
0.294894
0.295484
0.296074
0.296665
0.297255
0.297255
0.297927
0.298599
0.29927
0.299942
0.300614
0.301286
0.301957
0.302629
0.303301
0.303973
0.304645
0.305316
0.305988
0.30666
0.30666
0.307278
0.307895
0.308513
0.30913
0.309747
0.310365
0.310982
0.3116
0.312218
0.312835
0.313452
0.31407
0.314687
0.315305
0.315305
0.315895
0.316486
0.317076
0.317666
0.318257
0.318847
0.319438
0.320028
0.320618
0.321209
0.321799
0.322389
0.32298
0.32357
0.32357
0.324147
0.324724
0.3253
0.325877
0.326454
0.327031
0.327608
0.328184
0.328761
0.329338
0.329915
0.330491
0.331068
0.331645
0.331645
0.332174
0.332704
0.333233
0.333762
0.334291
0.334821
0.33535
0.335879
0.336409
0.336938
0.337467
0.337996
0.338526
0.339055
0.339055
0.339564
0.340073
0.340582
0.341091
0.3416
0.342109
0.342618
0.343126
0.343635
0.344144
0.344653
0.345162
0.345671
0.34618
0.34618
0.346669
0.347157
0.347646
0.348134
0.348623
0.349111
0.3496
0.350089
0.350577
0.351066
0.351554
0.352043
0.352531
0.35302
0.35302
0.353475
0.353929
0.354384
0.354839
0.355293
0.355748
0.356203
0.356657
0.357112
0.357566
0.358021
0.358476
0.35893
0.359385
0.359385
0.359803
0.360221
0.360639
0.361057
0.361475
0.361893
0.362311
0.362729
0.363147
0.363565
0.363983
0.364401
0.364819
0.365237
0.365655
0.365655
0.366089
0.366524
0.366958
0.367392
0.367826
0.368261
0.368695
0.369129
0.369564
0.369998
0.370432
0.370866
0.371301
0.371735
0.371735
0.372149
0.372563
0.372977
0.373391
0.373805
0.374219
0.374632
0.375046
0.37546
0.375874
0.376288
0.376702
0.377116
0.37753
0.37753
0.377924
0.378317
0.378711
0.379104
0.379498
0.379891
0.380285
0.380679
0.381072
0.381466
0.381859
0.382253
0.382646
0.38304
0.38304
0.383427
0.383814
0.3842
0.384587
0.384974
0.385361
0.385747
0.386134
0.386521
0.386908
0.387295
0.387681
0.388068
0.388455
0.388455
0.388828
0.389201
0.389575
0.389948
0.390321
0.390694
0.391068
0.391441
0.391814
0.392187
0.39256
0.392934
0.393307
0.39368
0.39368
0.394046
0.394413
0.394779
0.395146
0.395512
0.395879
0.396245
0.396611
0.396978
0.397344
0.397711
0.398077
0.398444
0.39881
0.39881
0.399156
0.399502
0.399848
0.400194
0.40054
0.400886
0.401232
0.401579
0.401925
0.402271
0.402617
0.402963
0.403309
0.403655
0.403655
0.403974
0.404293
0.404612
0.404931
0.40525
0.405569
0.405887
0.406206
0.406525
0.406844
0.407163
0.407482
0.407801
0.40812
0.40812
0.408446
0.408771
0.409097
0.409423
0.409749
0.410074
0.4104
0.410726
0.411051
0.411377
0.411703
0.412029
0.412354
0.41268
0.41268
0.412971
0.413263
0.413554
0.413845
0.414137
0.414428
0.414719
0.415011
0.415302
0.415593
0.415885
0.416176
0.416467
0.416759
0.41705
0.41705
0.417355
0.417661
0.417966
0.418271
0.418577
0.418882
0.419187
0.419493
0.419798
0.420104
0.420409
0.420714
0.42102
0.421325
0.421325
0.42163
0.421936
0.422241
0.422546
0.422852
0.423157
0.423463
0.423768
0.424073
0.424379
0.424684
0.424989
0.425295
0.4256
0.4256
0.425885
0.42617
0.426455
0.42674
0.427025
0.42731
0.427595
0.42788
0.428165
0.42845
0.428735
0.42902
0.429305
0.42959
0.42959
0.429861
0.430133
0.430404
0.430676
0.430947
0.431219
0.43149
0.431761
0.432033
0.432304
0.432576
0.432847
0.433119
0.43339
0.43339
0.433661
0.433933
0.434204
0.434476
0.434747
0.435019
0.43529
0.435561
0.435833
0.436104
0.436376
0.436647
0.436919
0.43719
0.43719
0.437448
0.437706
0.437964
0.438221
0.438479
0.438737
0.438995
0.439253
0.439511
0.439769
0.440026
0.440284
0.440542
0.4408
0.4408
0.441058
0.441316
0.441574
0.441831
0.442089
0.442347
0.442605
0.442863
0.443121
0.443379
0.443636
0.443894
0.444152
0.44441
0.44441
0.444654
0.444899
0.445143
0.445387
0.445631
0.445876
0.44612
0.446364
0.446609
0.446853
0.447097
0.447341
0.447586
0.44783
0.44783
0.448067
0.448305
0.448543
0.44878
0.449017
0.449255
0.449493
0.44973
0.449968
0.450205
0.450442
0.45068
0.450918
0.451155
0.451155
0.451364
0.451573
0.451782
0.451991
0.4522
0.452409
0.452618
0.452827
0.453036
0.453245
0.453454
0.453663
0.453872
0.454081
0.45429
0.45429
0.454507
0.454724
0.454941
0.455159
0.455376
0.455593
0.45581
0.456027
0.456244
0.456461
0.456679
0.456896
0.457113
0.45733
0.45733
0.457554
0.457778
0.458002
0.458226
0.45845
0.458674
0.458898
0.459121
0.459345
0.459569
0.459793
0.460017
0.460241
0.460465
0.460465
0.460682
0.460899
0.461116
0.461334
0.461551
0.461768
0.461985
0.462202
0.462419
0.462636
0.462854
0.463071
0.463288
0.463505
0.463505
0.463709
0.463912
0.464116
0.464319
0.464523
0.464726
0.46493
0.465134
0.465337
0.465541
0.465744
0.465948
0.466151
0.466355
0.466355
0.466565
0.466776
0.466986
0.467196
0.467407
0.467617
0.467827
0.468038
0.468248
0.468459
0.468669
0.468879
0.46909
0.4693
0.4693
0.469504
0.469707
0.469911
0.470114
0.470318
0.470521
0.470725
0.470929
0.471132
0.471336
0.471539
0.471743
0.471946
0.47215
0.47215
0.47234
0.47253
0.47272
0.47291
0.4731
0.47329
0.47348
0.47367
0.47386
0.47405
0.47424
0.47443
0.47462
0.47481
0.47481
0.475
0.47519
0.47538
0.47557
0.47576
0.47595
0.47614
0.47633
0.47652
0.47671
0.4769
0.47709
0.47728
0.47747
0.47747
0.477653
0.477836
0.47802
0.478203
0.478386
0.478569
0.478752
0.478936
0.479119
0.479302
0.479485
0.479669
0.479852
0.480035
0.480035
0.4802
0.480364
0.480529
0.480694
0.480858
0.481023
0.481188
0.481352
0.481517
0.481682
0.481846
0.482011
0.482176
0.48234
0.482505
0.482505
0.482681
0.482858
0.483034
0.483211
0.483387
0.483564
0.48374
0.483916
0.484093
0.484269
0.484446
0.484622
0.484799
0.484975
0.484975
0.485138
0.485301
0.485464
0.485626
0.485789
0.485952
0.486115
0.486278
0.486441
0.486604
0.486766
0.486929
0.487092
0.487255
0.487255
0.487411
0.487567
0.487723
0.487879
0.488035
0.488191
0.488348
0.488504
0.48866
0.488816
0.488972
0.489128
0.489284
0.48944
0.48944
0.489596
0.489752
0.489908
0.490064
0.49022
0.490376
0.490533
0.490689
0.490845
0.491001
0.491157
0.491313
0.491469
0.491625
0.491625
0.491774
0.491924
0.492073
0.492222
0.492371
0.492521
0.49267
0.492819
0.492969
0.493118
0.493267
0.493416
0.493566
0.493715
0.493715
0.493871
0.494027
0.494183
0.494339
0.494495
0.494651
0.494807
0.494964
0.49512
0.495276
0.495432
0.495588
0.495744
0.4959
0.4959
0.496042
0.496185
0.496328
0.49647
0.496612
0.496755
0.496898
0.49704
0.497182
0.497325
0.497468
0.49761
0.497752
0.497895
0.497895
0.498051
0.498207
0.498363
0.498519
0.498675
0.498831
0.498988
0.499144
0.4993
0.499456
0.499612
0.499768
0.499924
0.50008
0.50008
0.500223
0.500365
0.500508
0.50065
0.500793
0.500935
0.501078
0.50122
0.501363
0.501505
0.501648
0.50179
0.501933
0.502075
0.502075
0.502195
0.502316
0.502436
0.502556
0.502677
0.502797
0.502917
0.503038
0.503158
0.503278
0.503399
0.503519
0.503639
0.50376
0.50388
0.50388
0.504016
0.504151
0.504287
0.504423
0.504559
0.504694
0.50483
0.504966
0.505101
0.505237
0.505373
0.505509
0.505644
0.50578
0.50578
0.505916
0.506051
0.506187
0.506323
0.506459
0.506594
0.50673
0.506866
0.507001
0.507137
0.507273
0.507409
0.507544
0.50768
0.50768
0.507802
0.507924
0.508046
0.508169
0.508291
0.508413
0.508535
0.508657
0.508779
0.508901
0.509024
0.509146
0.509268
0.50939
0.50939
0.509512
0.509634
0.509756
0.509879
0.510001
0.510123
0.510245
0.510367
0.510489
0.510611
0.510734
0.510856
0.510978
0.5111
0.5111
0.511215
0.511331
0.511446
0.511561
0.511677
0.511792
0.511907
0.512023
0.512138
0.512254
0.512369
0.512484
0.5126
0.512715
0.512715
0.512824
0.512932
0.513041
0.513149
0.513258
0.513366
0.513475
0.513584
0.513692
0.513801
0.513909
0.514018
0.514126
0.514235
0.514235
0.51435
0.514466
0.514581
0.514696
0.514812
0.514927
0.515043
0.515158
0.515273
0.515389
0.515504
0.515619
0.515735
0.51585
0.51585
0.515972
0.516094
0.516216
0.516339
0.516461
0.516583
0.516705
0.516827
0.516949
0.517071
0.517194
0.517316
0.517438
0.51756
0.51756
0.517669
0.517777
0.517886
0.517994
0.518103
0.518211
0.51832
0.518429
0.518537
0.518646
0.518754
0.518863
0.518971
0.51908
0.51908
0.519188
0.519295
0.519403
0.519511
0.519618
0.519726
0.519834
0.519941
0.520049
0.520157
0.520264
0.520372
0.52048
0.520587
0.520695
0.520695
0.520797
0.520899
0.521
0.521102
0.521204
0.521306
0.521407
0.521509
0.521611
0.521713
0.521815
0.521916
0.522018
0.52212
0.52212
0.522229
0.522337
0.522446
0.522554
0.522663
0.522771
0.52288
0.522989
0.523097
0.523206
0.523314
0.523423
0.523531
0.52364
0.52364
0.523742
0.523844
0.523945
0.524047
0.524149
0.524251
0.524352
0.524454
0.524556
0.524658
0.52476
0.524861
0.524963
0.525065
0.525065
0.525167
0.525269
0.52537
0.525472
0.525574
0.525676
0.525777
0.525879
0.525981
0.526083
0.526185
0.526286
0.526388
0.52649
0.52649
0.526592
0.526694
0.526795
0.526897
0.526999
0.527101
0.527202
0.527304
0.527406
0.527508
0.52761
0.527711
0.527813
0.527915
0.527915
0.52801
0.528105
0.5282
0.528295
0.52839
0.528485
0.52858
0.528675
0.52877
0.528865
0.52896
0.529055
0.52915
0.529245
0.529245
0.529354
0.529462
0.529571
0.529679
0.529788
0.529896
0.530005
0.530114
0.530222
0.530331
0.530439
0.530548
0.530656
0.530765
0.530765
0.53086
0.530955
0.53105
0.531145
0.53124
0.531335
0.53143
0.531525
0.53162
0.531715
0.53181
0.531905
0.532
0.532095
0.532095
0.532197
0.532299
0.5324
0.532502
0.532604
0.532706
0.532808
0.532909
0.533011
0.533113
0.533215
0.533316
0.533418
0.53352
0.53352
0.533609
0.533697
0.533786
0.533875
0.533963
0.534052
0.534141
0.534229
0.534318
0.534407
0.534495
0.534584
0.534673
0.534761
0.53485
0.53485
0.534938
0.535026
0.535115
0.535203
0.535291
0.535379
0.535468
0.535556
0.535644
0.535732
0.53582
0.535909
0.535997
0.536085
0.536085
0.53618
0.536275
0.53637
0.536465
0.53656
0.536655
0.53675
0.536845
0.53694
0.537035
0.53713
0.537225
0.53732
0.537415
0.537415
0.53751
0.537605
0.5377
0.537795
0.53789
0.537985
0.53808
0.538175
0.53827
0.538365
0.53846
0.538555
0.53865
0.538745
0.538745
0.538833
0.538921
0.53901
0.539098
0.539186
0.539274
0.539363
0.539451
0.539539
0.539627
0.539715
0.539804
0.539892
0.53998
0.53998
0.540061
0.540143
0.540224
0.540306
0.540387
0.540469
0.54055
0.540631
0.540713
0.540794
0.540876
0.540957
0.541039
0.54112
0.54112
0.541208
0.541296
0.541385
0.541473
0.541561
0.541649
0.541737
0.541826
0.541914
0.542002
0.54209
0.542179
0.542267
0.542355
0.542355
0.542443
0.542531
0.54262
0.542708
0.542796
0.542884
0.542973
0.543061
0.543149
0.543237
0.543325
0.543414
0.543502
0.54359
0.54359
0.543671
0.543753
0.543834
0.543916
0.543997
0.544079
0.54416
0.544241
0.544323
0.544404
0.544486
0.544567
0.544649
0.54473
0.54473
0.544818
0.544906
0.544995
0.545083
0.545171
0.545259
0.545348
0.545436
0.545524
0.545612
0.5457
0.545789
0.545877
0.545965
0.545965
0.546041
0.546117
0.546193
0.546269
0.546345
0.546421
0.546497
0.546573
0.546649
0.546725
0.546801
0.546877
0.546953
0.547029
0.547105
0.547105
0.547186
0.547268
0.547349
0.547431
0.547512
0.547594
0.547675
0.547756
0.547838
0.547919
0.548001
0.548082
0.548164
0.548245
0.548245
0.548326
0.548408
0.548489
0.548571
0.548652
0.548734
0.548815
0.548896
0.548978
0.549059
0.549141
0.549222
0.549304
0.549385
0.549385
0.54946
0.549534
0.549609
0.549684
0.549758
0.549833
0.549908
0.549982
0.550057
0.550131
0.550206
0.550281
0.550355
0.55043
0.55043
0.550511
0.550593
0.550674
0.550756
0.550837
0.550919
0.551
0.551081
0.551163
0.551244
0.551326
0.551407
0.551489
0.55157
0.55157
0.551651
0.551733
0.551814
0.551896
0.551977
0.552059
0.55214
0.552221
0.552303
0.552384
0.552466
0.552547
0.552629
0.55271
0.55271
0.552791
0.552873
0.552954
0.553036
0.553117
0.553199
0.55328
0.553361
0.553443
0.553524
0.553606
0.553687
0.553769
0.55385
0.55385
0.553925
0.553999
0.554074
0.554149
0.554223
0.554298
0.554372
0.554447
0.554522
0.554596
0.554671
0.554746
0.55482
0.554895
0.554895
0.554963
0.555031
0.555099
0.555166
0.555234
0.555302
0.55537
0.555438
0.555506
0.555574
0.555641
0.555709
0.555777
0.555845
0.555845
0.555926
0.556008
0.556089
0.556171
0.556252
0.556334
0.556415
0.556496
0.556578
0.556659
0.556741
0.556822
0.556904
0.556985
0.556985
0.557055
0.557124
0.557194
0.557264
0.557333
0.557403
0.557473
0.557542
0.557612
0.557682
0.557751
0.557821
0.557891
0.55796
0.55803
0.55803
0.558105
0.558179
0.558254
0.558329
0.558403
0.558478
0.558553
0.558627
0.558702
0.558776
0.558851
0.558926
0.559
0.559075
0.559075
0.559143
0.559211
0.559279
0.559346
0.559414
0.559482
0.55955
0.559618
0.559686
0.559754
0.559821
0.559889
0.559957
0.560025
0.560025
0.5601
0.560174
0.560249
0.560324
0.560398
0.560473
0.560548
0.560622
0.560697
0.560771
0.560846
0.560921
0.560995
0.56107
0.56107
0.561145
0.561219
0.561294
0.561369
0.561443
0.561518
0.561593
0.561667
0.561742
0.561816
0.561891
0.561966
0.56204
0.562115
0.562115
0.562183
0.562251
0.562319
0.562386
0.562454
0.562522
0.56259
0.562658
0.562726
0.562794
0.562861
0.562929
0.562997
0.563065
0.563065
0.56314
0.563214
0.563289
0.563364
0.563438
0.563513
0.563587
0.563662
0.563737
0.563811
0.563886
0.563961
0.564035
0.56411
0.56411
0.564178
0.564246
0.564314
0.564381
0.564449
0.564517
0.564585
0.564653
0.564721
0.564789
0.564856
0.564924
0.564992
0.56506
0.56506
0.565135
0.565209
0.565284
0.565359
0.565433
0.565508
0.565583
0.565657
0.565732
0.565806
0.565881
0.565956
0.56603
0.566105
0.566105
0.566173
0.566241
0.566309
0.566376
0.566444
0.566512
0.56658
0.566648
0.566716
0.566784
0.566851
0.566919
0.566987
0.567055
0.567055
0.567118
0.567182
0.567245
0.567308
0.567372
0.567435
0.567498
0.567562
0.567625
0.567688
0.567752
0.567815
0.567878
0.567942
0.568005
0.568005
0.56808
0.568154
0.568229
0.568304
0.568378
0.568453
0.568527
0.568602
0.568677
0.568751
0.568826
0.568901
0.568975
0.56905
0.56905
0.569118
0.569186
0.569254
0.569321
0.569389
0.569457
0.569525
0.569593
0.569661
0.569729
0.569796
0.569864
0.569932
0.57
0.57
0.570061
0.570122
0.570183
0.570244
0.570305
0.570366
0.570428
0.570489
0.57055
0.570611
0.570672
0.570733
0.570794
0.570855
0.570855
0.570916
0.570977
0.571038
0.571099
0.57116
0.571221
0.571283
0.571344
0.571405
0.571466
0.571527
0.571588
0.571649
0.57171
0.57171
0.571778
0.571846
0.571914
0.571981
0.572049
0.572117
0.572185
0.572253
0.572321
0.572389
0.572456
0.572524
0.572592
0.57266
0.57266
0.572728
0.572796
0.572864
0.572931
0.572999
0.573067
0.573135
0.573203
0.573271
0.573339
0.573406
0.573474
0.573542
0.57361
0.57361
0.573671
0.573732
0.573793
0.573854
0.573915
0.573976
0.574038
0.574099
0.57416
0.574221
0.574282
0.574343
0.574404
0.574465
0.574465
0.574533
0.574601
0.574669
0.574736
0.574804
0.574872
0.57494
0.575008
0.575076
0.575144
0.575211
0.575279
0.575347
0.575415
0.575415
0.575478
0.575542
0.575605
0.575668
0.575732
0.575795
0.575858
0.575922
0.575985
0.576048
0.576112
0.576175
0.576238
0.576302
0.576365
0.576365
0.576433
0.576501
0.576569
0.576636
0.576704
0.576772
0.57684
0.576908
0.576976
0.577044
0.577111
0.577179
0.577247
0.577315
0.577315
0.577369
0.577424
0.577478
0.577532
0.577586
0.577641
0.577695
0.577749
0.577804
0.577858
0.577912
0.577966
0.578021
0.578075
0.578075
0.578136
0.578197
0.578258
0.578319
0.57838
0.578441
0.578502
0.578564
0.578625
0.578686
0.578747
0.578808
0.578869
0.57893
0.57893
0.578991
0.579052
0.579113
0.579174
0.579235
0.579296
0.579358
0.579419
0.57948
0.579541
0.579602
0.579663
0.579724
0.579785
0.579785
0.579846
0.579907
0.579968
0.580029
0.58009
0.580151
0.580212
0.580274
0.580335
0.580396
0.580457
0.580518
0.580579
0.58064
0.58064
0.580701
0.580762
0.580823
0.580884
0.580945
0.581006
0.581067
0.581129
0.58119
0.581251
0.581312
0.581373
0.581434
0.581495
0.581495
0.581556
0.581617
0.581678
0.581739
0.5818
0.581861
0.581922
0.581984
0.582045
0.582106
0.582167
0.582228
0.582289
0.58235
0.58235
0.582411
0.582472
0.582533
0.582594
0.582655
0.582716
0.582778
0.582839
0.5829
0.582961
0.583022
0.583083
0.583144
0.583205
0.583205
0.583266
0.583327
0.583388
0.583449
0.58351
0.583571
0.583632
0.583694
0.583755
0.583816
0.583877
0.583938
0.583999
0.58406
0.58406
0.584111
0.584161
0.584212
0.584263
0.584313
0.584364
0.584415
0.584465
0.584516
0.584567
0.584617
0.584668
0.584719
0.584769
0.58482
0.58482
0.584881
0.584942
0.585003
0.585064
0.585125
0.585186
0.585248
0.585309
0.58537
0.585431
0.585492
0.585553
0.585614
0.585675
0.585675
0.585736
0.585797
0.585858
0.585919
0.58598
0.586041
0.586102
0.586164
0.586225
0.586286
0.586347
0.586408
0.586469
0.58653
0.58653
0.586584
0.586639
0.586693
0.586747
0.586801
0.586856
0.58691
0.586964
0.587019
0.587073
0.587127
0.587181
0.587236
0.58729
0.58729
0.587351
0.587412
0.587473
0.587534
0.587595
0.587656
0.587717
0.587779
0.58784
0.587901
0.587962
0.588023
0.588084
0.588145
0.588145
0.588199
0.588254
0.588308
0.588362
0.588416
0.588471
0.588525
0.588579
0.588634
0.588688
0.588742
0.588796
0.588851
0.588905
0.588905
0.588959
0.589014
0.589068
0.589122
0.589176
0.589231
0.589285
0.589339
0.589394
0.589448
0.589502
0.589556
0.589611
0.589665
0.589665
0.589726
0.589787
0.589848
0.589909
0.58997
0.590031
0.590092
0.590154
0.590215
0.590276
0.590337
0.590398
0.590459
0.59052
0.59052
0.590574
0.590629
0.590683
0.590737
0.590791
0.590846
0.5909
0.590954
0.591009
0.591063
0.591117
0.591171
0.591226
0.59128
0.59128
0.591341
0.591402
0.591463
0.591524
0.591585
0.591646
0.591707
0.591769
0.59183
0.591891
0.591952
0.592013
0.592074
0.592135
0.592135
0.592186
0.592236
0.592287
0.592338
0.592388
0.592439
0.59249
0.59254
0.592591
0.592642
0.592692
0.592743
0.592794
0.592844
0.592895
0.592895
0.592949
0.593004
0.593058
0.593112
0.593166
0.593221
0.593275
0.593329
0.593384
0.593438
0.593492
0.593546
0.593601
0.593655
0.593655
0.593709
0.593764
0.593818
0.593872
0.593926
0.593981
0.594035
0.594089
0.594144
0.594198
0.594252
0.594306
0.594361
0.594415
0.594415
0.594463
0.59451
0.594558
0.594605
0.594653
0.5947
0.594748
0.594795
0.594842
0.59489
0.594938
0.594985
0.595033
0.59508
0.59508
0.595141
0.595202
0.595263
0.595324
0.595385
0.595446
0.595508
0.595569
0.59563
0.595691
0.595752
0.595813
0.595874
0.595935
0.595935
0.595996
0.596057
0.596118
0.596179
0.59624
0.596301
0.596363
0.596424
0.596485
0.596546
0.596607
0.596668
0.596729
0.59679
0.59679
0.596844
0.596899
0.596953
0.597007
0.597061
0.597116
0.59717
0.597224
0.597279
0.597333
0.597387
0.597441
0.597496
0.59755
0.59755
0.597604
0.597659
0.597713
0.597767
0.597821
0.597876
0.59793
0.597984
0.598039
0.598093
0.598147
0.598201
0.598256
0.59831
0.59831
0.598364
0.598419
0.598473
0.598527
0.598581
0.598636
0.59869
0.598744
0.598799
0.598853
0.598907
0.598961
0.599016
0.59907
0.59907
0.599124
0.599179
0.599233
0.599287
0.599341
0.599396
0.59945
0.599504
0.599559
0.599613
0.599667
0.599721
0.599776
0.59983
0.59983
0.599874
0.599919
0.599963
0.600007
0.600052
0.600096
0.60014
0.600185
0.600229
0.600273
0.600318
0.600362
0.600406
0.600451
0.600495
0.600495
0.600549
0.600604
0.600658
0.600712
0.600766
0.600821
0.600875
0.600929
0.600984
0.601038
0.601092
0.601146
0.601201
0.601255
0.601255
0.601316
0.601377
0.601438
0.601499
0.60156
0.601621
0.601683
0.601744
0.601805
0.601866
0.601927
0.601988
0.602049
0.60211
0.60211
0.602164
0.602219
0.602273
0.602327
0.602381
0.602436
0.60249
0.602544
0.602599
0.602653
0.602707
0.602761
0.602816
0.60287
0.60287
0.602924
0.602979
0.603033
0.603087
0.603141
0.603196
0.60325
0.603304
0.603359
0.603413
0.603467
0.603521
0.603576
0.60363
0.60363
0.603678
0.603725
0.603773
0.60382
0.603868
0.603915
0.603963
0.60401
0.604057
0.604105
0.604153
0.6042
0.604248
0.604295
0.604295
0.604349
0.604404
0.604458
0.604512
0.604566
0.604621
0.604675
0.604729
0.604784
0.604838
0.604892
0.604946
0.605001
0.605055
0.605055
0.605103
0.60515
0.605198
0.605245
0.605292
0.60534
0.605388
0.605435
0.605483
0.60553
0.605577
0.605625
0.605672
0.60572
0.60572
0.605774
0.605829
0.605883
0.605937
0.605991
0.606046
0.6061
0.606154
0.606209
0.606263
0.606317
0.606371
0.606426
0.60648
0.60648
0.606534
0.606589
0.606643
0.606697
0.606751
0.606806
0.60686
0.606914
0.606969
0.607023
0.607077
0.607131
0.607186
0.60724
0.60724
0.607284
0.607329
0.607373
0.607417
0.607462
0.607506
0.60755
0.607595
0.607639
0.607683
0.607728
0.607772
0.607816
0.607861
0.607905
0.607905
0.607953
0.608
0.608048
0.608095
0.608143
0.60819
0.608238
0.608285
0.608333
0.60838
0.608428
0.608475
0.608523
0.60857
0.60857
0.608618
0.608665
0.608713
0.60876
0.608808
0.608855
0.608903
0.60895
0.608998
0.609045
0.609093
0.60914
0.609188
0.609235
0.609235
0.609289
0.609344
0.609398
0.609452
0.609506
0.609561
0.609615
0.609669
0.609724
0.609778
0.609832
0.609886
0.609941
0.609995
0.609995
0.610036
0.610076
0.610117
0.610158
0.610199
0.610239
0.61028
0.610321
0.610361
0.610402
0.610443
0.610484
0.610524
0.610565
0.610565
0.610619
0.610674
0.610728
0.610782
0.610836
0.610891
0.610945
0.610999
0.611054
0.611108
0.611162
0.611216
0.611271
0.611325
0.611325
0.611386
0.611447
0.611508
0.611569
0.61163
0.611691
0.611753
0.611814
0.611875
0.611936
0.611997
0.612058
0.612119
0.61218
0.61218
0.612227
0.612275
0.612323
0.61237
0.612418
0.612465
0.612512
0.61256
0.612607
0.612655
0.612702
0.61275
0.612797
0.612845
0.612845
0.612893
0.61294
0.612988
0.613035
0.613083
0.61313
0.613178
0.613225
0.613272
0.61332
0.613367
0.613415
0.613463
0.61351
0.61351
0.613558
0.613605
0.613653
0.6137
0.613747
0.613795
0.613842
0.61389
0.613937
0.613985
0.614032
0.61408
0.614127
0.614175
0.614175
0.614226
0.614276
0.614327
0.614378
0.614428
0.614479
0.61453
0.61458
0.614631
0.614682
0.614732
0.614783
0.614834
0.614884
0.614935
0.614935
0.614982
0.61503
0.615077
0.615125
0.615173
0.61522
0.615268
0.615315
0.615362
0.61541
0.615457
0.615505
0.615552
0.6156
0.6156
0.615654
0.615709
0.615763
0.615817
0.615871
0.615926
0.61598
0.616034
0.616089
0.616143
0.616197
0.616251
0.616306
0.61636
0.61636
0.616408
0.616455
0.616503
0.61655
0.616598
0.616645
0.616693
0.61674
0.616787
0.616835
0.616883
0.61693
0.616978
0.617025
0.617025
0.617073
0.61712
0.617168
0.617215
0.617263
0.61731
0.617357
0.617405
0.617453
0.6175
0.617548
0.617595
0.617643
0.61769
0.61769
0.617751
0.617812
0.617873
0.617934
0.617995
0.618056
0.618118
0.618179
0.61824
0.618301
0.618362
0.618423
0.618484
0.618545
0.618545
0.618586
0.618626
0.618667
0.618708
0.618749
0.618789
0.61883
0.618871
0.618911
0.618952
0.618993
0.619034
0.619074
0.619115
0.619115
0.619162
0.61921
0.619258
0.619305
0.619353
0.6194
0.619447
0.619495
0.619542
0.61959
0.619637
0.619685
0.619732
0.61978
0.61978
0.619821
0.619861
0.619902
0.619943
0.619984
0.620024
0.620065
0.620106
0.620146
0.620187
0.620228
0.620269
0.620309
0.62035
0.62035
0.620391
0.620431
0.620472
0.620513
0.620554
0.620594
0.620635
0.620676
0.620716
0.620757
0.620798
0.620839
0.620879
0.62092
0.62092
0.620964
0.621009
0.621053
0.621097
0.621142
0.621186
0.62123
0.621275
0.621319
0.621363
0.621408
0.621452
0.621496
0.621541
0.621585
0.621585
0.621619
0.621653
0.621687
0.621721
0.621755
0.621789
0.621822
0.621856
0.62189
0.621924
0.621958
0.621992
0.622026
0.62206
0.62206
0.622101
0.622141
0.622182
0.622223
0.622264
0.622304
0.622345
0.622386
0.622426
0.622467
0.622508
0.622549
0.622589
0.62263
0.62263
0.622678
0.622725
0.622773
0.62282
0.622867
0.622915
0.622962
0.62301
0.623057
0.623105
0.623152
0.6232
0.623247
0.623295
0.623295
0.623336
0.623376
0.623417
0.623458
0.623499
0.623539
0.62358
0.623621
0.623661
0.623702
0.623743
0.623784
0.623824
0.623865
0.623865
0.623919
0.623974
0.624028
0.624082
0.624136
0.624191
0.624245
0.624299
0.624354
0.624408
0.624462
0.624516
0.624571
0.624625
0.624625
0.624666
0.624706
0.624747
0.624788
0.624829
0.624869
0.62491
0.624951
0.624991
0.625032
0.625073
0.625114
0.625154
0.625195
0.625195
0.625229
0.625263
0.625297
0.625331
0.625365
0.625399
0.625432
0.625466
0.6255
0.625534
0.625568
0.625602
0.625636
0.62567
0.62567
0.625717
0.625765
0.625812
0.62586
0.625907
0.625955
0.626002
0.62605
0.626098
0.626145
0.626193
0.62624
0.626288
0.626335
0.626335
0.626383
0.62643
0.626478
0.626525
0.626573
0.62662
0.626667
0.626715
0.626763
0.62681
0.626858
0.626905
0.626953
0.627
0.627
0.627044
0.627089
0.627133
0.627177
0.627222
0.627266
0.62731
0.627355
0.627399
0.627443
0.627488
0.627532
0.627576
0.627621
0.627665
0.627665
0.627713
0.62776
0.627808
0.627855
0.627903
0.62795
0.627998
0.628045
0.628093
0.62814
0.628187
0.628235
0.628282
0.62833
0.62833
0.628377
0.628425
0.628473
0.62852
0.628568
0.628615
0.628662
0.62871
0.628757
0.628805
0.628852
0.6289
0.628947
0.628995
0.628995
0.629036
0.629076
0.629117
0.629158
0.629199
0.629239
0.62928
0.629321
0.629361
0.629402
0.629443
0.629484
0.629524
0.629565
0.629565
0.629606
0.629646
0.629687
0.629728
0.629769
0.629809
0.62985
0.629891
0.629931
0.629972
0.630013
0.630054
0.630094
0.630135
0.630135
0.630176
0.630216
0.630257
0.630298
0.630339
0.630379
0.63042
0.630461
0.630501
0.630542
0.630583
0.630624
0.630664
0.630705
0.630705
0.630753
0.6308
0.630848
0.630895
0.630943
0.63099
0.631037
0.631085
0.631132
0.63118
0.631227
0.631275
0.631323
0.63137
0.63137
0.631418
0.631465
0.631513
0.63156
0.631608
0.631655
0.631703
0.63175
0.631797
0.631845
0.631893
0.63194
0.631988
0.632035
0.632035
0.632083
0.63213
0.632178
0.632225
0.632273
0.63232
0.632367
0.632415
0.632463
0.63251
0.632558
0.632605
0.632653
0.6327
0.6327
0.632748
0.632795
0.632843
0.63289
0.632938
0.632985
0.633033
0.63308
0.633128
0.633175
0.633223
0.63327
0.633318
0.633365
0.633365
0.633409
0.633454
0.633498
0.633542
0.633587
0.633631
0.633675
0.63372
0.633764
0.633808
0.633853
0.633897
0.633941
0.633986
0.63403
0.63403
0.634071
0.634111
0.634152
0.634193
0.634234
0.634274
0.634315
0.634356
0.634396
0.634437
0.634478
0.634519
0.634559
0.6346
0.6346
0.634647
0.634695
0.634742
0.63479
0.634838
0.634885
0.634933
0.63498
0.635027
0.635075
0.635122
0.63517
0.635217
0.635265
0.635265
0.635306
0.635346
0.635387
0.635428
0.635469
0.635509
0.63555
0.635591
0.635631
0.635672
0.635713
0.635754
0.635794
0.635835
0.635835
0.635882
0.63593
0.635978
0.636025
0.636073
0.63612
0.636168
0.636215
0.636262
0.63631
0.636357
0.636405
0.636452
0.6365
0.6365
0.636534
0.636568
0.636602
0.636636
0.63667
0.636704
0.636737
0.636771
0.636805
0.636839
0.636873
0.636907
0.636941
0.636975
0.636975
0.637022
0.63707
0.637118
0.637165
0.637213
0.63726
0.637308
0.637355
0.637402
0.63745
0.637497
0.637545
0.637592
0.63764
0.63764
0.637681
0.637721
0.637762
0.637803
0.637844
0.637884
0.637925
0.637966
0.638006
0.638047
0.638088
0.638129
0.638169
0.63821
0.63821
0.638258
0.638305
0.638353
0.6384
0.638448
0.638495
0.638543
0.63859
0.638637
0.638685
0.638732
0.63878
0.638828
0.638875
0.638875
0.638916
0.638956
0.638997
0.639038
0.639079
0.639119
0.63916
0.639201
0.639241
0.639282
0.639323
0.639364
0.639404
0.639445
0.639445
0.639489
0.639534
0.639578
0.639622
0.639667
0.639711
0.639755
0.6398
0.639844
0.639888
0.639933
0.639977
0.640021
0.640066
0.64011
0.64011
0.640158
0.640205
0.640253
0.6403
0.640347
0.640395
0.640442
0.64049
0.640538
0.640585
0.640632
0.64068
0.640727
0.640775
0.640775
0.640829
0.640884
0.640938
0.640992
0.641046
0.641101
0.641155
0.641209
0.641264
0.641318
0.641372
0.641426
0.641481
0.641535
0.641535
0.641576
0.641616
0.641657
0.641698
0.641739
0.641779
0.64182
0.641861
0.641901
0.641942
0.641983
0.642024
0.642064
0.642105
0.642105
0.642152
0.6422
0.642247
0.642295
0.642343
0.64239
0.642437
0.642485
0.642532
0.64258
0.642627
0.642675
0.642722
0.64277
0.64277
0.642804
0.642838
0.642872
0.642906
0.64294
0.642974
0.643008
0.643041
0.643075
0.643109
0.643143
0.643177
0.643211
0.643245
0.643245
0.643292
0.64334
0.643387
0.643435
0.643483
0.64353
0.643577
0.643625
0.643672
0.64372
0.643767
0.643815
0.643862
0.64391
0.64391
0.643957
0.644005
0.644053
0.6441
0.644148
0.644195
0.644243
0.64429
0.644337
0.644385
0.644432
0.64448
0.644527
0.644575
0.644575
0.644623
0.64467
0.644718
0.644765
0.644813
0.64486
0.644907
0.644955
0.645002
0.64505
0.645097
0.645145
0.645193
0.64524
0.64524
0.645281
0.645321
0.645362
0.645403
0.645444
0.645484
0.645525
0.645566
0.645606
0.645647
0.645688
0.645729
0.645769
0.64581
0.64581
0.645861
0.645911
0.645962
0.646013
0.646063
0.646114
0.646165
0.646215
0.646266
0.646317
0.646367
0.646418
0.646469
0.646519
0.64657
0.64657
0.646624
0.646679
0.646733
0.646787
0.646841
0.646896
0.64695
0.647004
0.647059
0.647113
0.647167
0.647221
0.647276
0.64733
0.64733
0.647384
0.647439
0.647493
0.647547
0.647601
0.647656
0.64771
0.647764
0.647819
0.647873
0.647927
0.647981
0.648036
0.64809
0.64809
0.648131
0.648171
0.648212
0.648253
0.648294
0.648334
0.648375
0.648416
0.648456
0.648497
0.648538
0.648579
0.648619
0.64866
0.64866
0.648708
0.648755
0.648803
0.64885
0.648898
0.648945
0.648993
0.64904
0.649087
0.649135
0.649182
0.64923
0.649278
0.649325
0.649325
0.649366
0.649406
0.649447
0.649488
0.649529
0.649569
0.64961
0.649651
0.649691
0.649732
0.649773
0.649814
0.649854
0.649895
0.649895
0.649936
0.649976
0.650017
0.650058
0.650099
0.650139
0.65018
0.650221
0.650261
0.650302
0.650343
0.650384
0.650424
0.650465
0.650465
0.650513
0.65056
0.650608
0.650655
0.650703
0.65075
0.650797
0.650845
0.650892
0.65094
0.650988
0.651035
0.651083
0.65113
0.65113
0.651171
0.651211
0.651252
0.651293
0.651334
0.651374
0.651415
0.651456
0.651496
0.651537
0.651578
0.651619
0.651659
0.6517
0.6517
0.651748
0.651795
0.651843
0.65189
0.651937
0.651985
0.652032
0.65208
0.652128
0.652175
0.652222
0.65227
0.652317
0.652365
0.652365
0.652397
0.652428
0.65246
0.652492
0.652523
0.652555
0.652587
0.652618
0.65265
0.652682
0.652713
0.652745
0.652777
0.652808
0.65284
0.65284
0.652881
0.652921
0.652962
0.653003
0.653044
0.653084
0.653125
0.653166
0.653206
0.653247
0.653288
0.653329
0.653369
0.65341
0.65341
0.653464
0.653519
0.653573
0.653627
0.653681
0.653736
0.65379
0.653844
0.653899
0.653953
0.654007
0.654061
0.654116
0.65417
0.65417
0.654211
0.654251
0.654292
0.654333
0.654374
0.654414
0.654455
0.654496
0.654536
0.654577
0.654618
0.654659
0.654699
0.65474
0.65474
0.654787
0.654835
0.654882
0.65493
0.654978
0.655025
0.655072
0.65512
0.655167
0.655215
0.655262
0.65531
0.655357
0.655405
0.655405
0.655459
0.655514
0.655568
0.655622
0.655676
0.655731
0.655785
0.655839
0.655894
0.655948
0.656002
0.656056
0.656111
0.656165
0.656165
0.656213
0.65626
0.656308
0.656355
0.656403
0.65645
0.656497
0.656545
0.656592
0.65664
0.656687
0.656735
0.656783
0.65683
0.65683
0.656871
0.656911
0.656952
0.656993
0.657034
0.657074
0.657115
0.657156
0.657196
0.657237
0.657278
0.657319
0.657359
0.6574
0.6574
0.657441
0.657481
0.657522
0.657563
0.657604
0.657644
0.657685
0.657726
0.657766
0.657807
0.657848
0.657889
0.657929
0.65797
0.65797
0.658004
0.658038
0.658072
0.658106
0.65814
0.658174
0.658208
0.658241
0.658275
0.658309
0.658343
0.658377
0.658411
0.658445
0.658445
0.658483
0.658521
0.658559
0.658597
0.658635
0.658673
0.658711
0.658749
0.658787
0.658825
0.658863
0.658901
0.658939
0.658977
0.659015
0.659015
0.659056
0.659096
0.659137
0.659178
0.659219
0.659259
0.6593
0.659341
0.659381
0.659422
0.659463
0.659504
0.659544
0.659585
0.659585
0.659619
0.659653
0.659687
0.659721
0.659755
0.659789
0.659823
0.659856
0.65989
0.659924
0.659958
0.659992
0.660026
0.66006
0.66006
0.660094
0.660128
0.660162
0.660196
0.66023
0.660264
0.660298
0.660331
0.660365
0.660399
0.660433
0.660467
0.660501
0.660535
0.660535
0.660582
0.66063
0.660677
0.660725
0.660773
0.66082
0.660867
0.660915
0.660962
0.66101
0.661057
0.661105
0.661152
0.6612
0.6612
0.661241
0.661281
0.661322
0.661363
0.661404
0.661444
0.661485
0.661526
0.661566
0.661607
0.661648
0.661689
0.661729
0.66177
0.66177
0.661811
0.661851
0.661892
0.661933
0.661974
0.662014
0.662055
0.662096
0.662136
0.662177
0.662218
0.662259
0.662299
0.66234
0.66234
0.662374
0.662408
0.662442
0.662476
0.66251
0.662544
0.662578
0.662611
0.662645
0.662679
0.662713
0.662747
0.662781
0.662815
0.662815
0.662856
0.662896
0.662937
0.662978
0.663019
0.663059
0.6631
0.663141
0.663181
0.663222
0.663263
0.663304
0.663344
0.663385
0.663385
0.663419
0.663453
0.663487
0.663521
0.663555
0.663589
0.663622
0.663656
0.66369
0.663724
0.663758
0.663792
0.663826
0.66386
0.66386
0.663917
0.663974
0.664031
0.664088
0.664145
0.664202
0.664259
0.664316
0.664373
0.66443
0.664487
0.664544
0.664601
0.664658
0.664715
0.664715
0.664756
0.664796
0.664837
0.664878
0.664919
0.664959
0.665
0.665041
0.665081
0.665122
0.665163
0.665204
0.665244
0.665285
0.665285
0.665319
0.665353
0.665387
0.665421
0.665455
0.665489
0.665522
0.665556
0.66559
0.665624
0.665658
0.665692
0.665726
0.66576
0.66576
0.665801
0.665841
0.665882
0.665923
0.665964
0.666004
0.666045
0.666086
0.666126
0.666167
0.666208
0.666249
0.666289
0.66633
0.66633
0.666391
0.666452
0.666513
0.666574
0.666635
0.666696
0.666757
0.666819
0.66688
0.666941
0.667002
0.667063
0.667124
0.667185
0.667185
0.667233
0.66728
0.667328
0.667375
0.667423
0.66747
0.667518
0.667565
0.667612
0.66766
0.667708
0.667755
0.667803
0.66785
0.66785
0.667891
0.667931
0.667972
0.668013
0.668054
0.668094
0.668135
0.668176
0.668216
0.668257
0.668298
0.668339
0.668379
0.66842
0.66842
0.668461
0.668501
0.668542
0.668583
0.668624
0.668664
0.668705
0.668746
0.668786
0.668827
0.668868
0.668909
0.668949
0.66899
0.66899
0.669044
0.669099
0.669153
0.669207
0.669261
0.669316
0.66937
0.669424
0.669479
0.669533
0.669587
0.669641
0.669696
0.66975
0.66975
0.669804
0.669859
0.669913
0.669967
0.670021
0.670076
0.67013
0.670184
0.670239
0.670293
0.670347
0.670401
0.670456
0.67051
0.67051
0.670561
0.670611
0.670662
0.670713
0.670763
0.670814
0.670865
0.670915
0.670966
0.671017
0.671067
0.671118
0.671169
0.671219
0.67127
0.67127
0.671324
0.671379
0.671433
0.671487
0.671541
0.671596
0.67165
0.671704
0.671759
0.671813
0.671867
0.671921
0.671976
0.67203
0.67203
0.672071
0.672111
0.672152
0.672193
0.672234
0.672274
0.672315
0.672356
0.672396
0.672437
0.672478
0.672519
0.672559
0.6726
0.6726
0.672654
0.672709
0.672763
0.672817
0.672871
0.672926
0.67298
0.673034
0.673089
0.673143
0.673197
0.673251
0.673306
0.67336
0.67336
0.673407
0.673455
0.673503
0.67355
0.673598
0.673645
0.673692
0.67374
0.673787
0.673835
0.673882
0.67393
0.673977
0.674025
0.674025
0.674066
0.674106
0.674147
0.674188
0.674229
0.674269
0.67431
0.674351
0.674391
0.674432
0.674473
0.674514
0.674554
0.674595
0.674595
0.674656
0.674717
0.674778
0.674839
0.6749
0.674961
0.675022
0.675084
0.675145
0.675206
0.675267
0.675328
0.675389
0.67545
0.67545
0.675525
0.675599
0.675674
0.675749
0.675823
0.675898
0.675973
0.676047
0.676122
0.676196
0.676271
0.676346
0.67642
0.676495
0.676495
0.676549
0.676604
0.676658
0.676712
0.676766
0.676821
0.676875
0.676929
0.676984
0.677038
0.677092
0.677146
0.677201
0.677255
0.677255
0.677306
0.677356
0.677407
0.677458
0.677508
0.677559
0.67761
0.67766
0.677711
0.677762
0.677812
0.677863
0.677914
0.677964
0.678015
0.678015
0.678076
0.678137
0.678198
0.678259
0.67832
0.678381
0.678442
0.678504
0.678565
0.678626
0.678687
0.678748
0.678809
0.67887
0.67887
0.678945
0.679019
0.679094
0.679169
0.679243
0.679318
0.679392
0.679467
0.679542
0.679616
0.679691
0.679766
0.67984
0.679915
0.679915
0.679969
0.680024
0.680078
0.680132
0.680186
0.680241
0.680295
0.680349
0.680404
0.680458
0.680512
0.680566
0.680621
0.680675
0.680675
0.680736
0.680797
0.680858
0.680919
0.68098
0.681041
0.681103
0.681164
0.681225
0.681286
0.681347
0.681408
0.681469
0.68153
0.68153
0.681578
0.681625
0.681673
0.68172
0.681768
0.681815
0.681862
0.68191
0.681957
0.682005
0.682052
0.6821
0.682148
0.682195
0.682195
0.682249
0.682304
0.682358
0.682412
0.682466
0.682521
0.682575
0.682629
0.682684
0.682738
0.682792
0.682846
0.682901
0.682955
0.682955
0.683023
0.683091
0.683159
0.683226
0.683294
0.683362
0.68343
0.683498
0.683566
0.683634
0.683701
0.683769
0.683837
0.683905
0.683905
0.68398
0.684054
0.684129
0.684204
0.684278
0.684353
0.684427
0.684502
0.684577
0.684651
0.684726
0.684801
0.684875
0.68495
0.68495
0.685031
0.685113
0.685194
0.685276
0.685357
0.685439
0.68552
0.685601
0.685683
0.685764
0.685846
0.685927
0.686009
0.68609
0.68609
0.686147
0.686204
0.686261
0.686318
0.686375
0.686432
0.686489
0.686546
0.686603
0.68666
0.686717
0.686774
0.686831
0.686888
0.686945
0.686945
0.686993
0.68704
0.687088
0.687135
0.687183
0.68723
0.687278
0.687325
0.687373
0.68742
0.687468
0.687515
0.687563
0.68761
0.68761
0.687651
0.687691
0.687732
0.687773
0.687814
0.687854
0.687895
0.687936
0.687976
0.688017
0.688058
0.688099
0.688139
0.68818
0.68818
0.688234
0.688289
0.688343
0.688397
0.688451
0.688506
0.68856
0.688614
0.688669
0.688723
0.688777
0.688831
0.688886
0.68894
0.68894
0.688987
0.689035
0.689083
0.68913
0.689178
0.689225
0.689273
0.68932
0.689367
0.689415
0.689462
0.68951
0.689557
0.689605
0.689605
0.689646
0.689686
0.689727
0.689768
0.689809
0.689849
0.68989
0.689931
0.689971
0.690012
0.690053
0.690094
0.690134
0.690175
0.690175
0.690223
0.69027
0.690318
0.690365
0.690412
0.69046
0.690507
0.690555
0.690602
0.69065
0.690697
0.690745
0.690792
0.69084
0.69084
0.690894
0.690949
0.691003
0.691057
0.691111
0.691166
0.69122
0.691274
0.691329
0.691383
0.691437
0.691491
0.691546
0.6916
0.6916
0.691634
0.691668
0.691702
0.691736
0.69177
0.691804
0.691837
0.691871
0.691905
0.691939
0.691973
0.692007
0.692041
0.692075
0.692075
0.692129
0.692184
0.692238
0.692292
0.692346
0.692401
0.692455
0.692509
0.692564
0.692618
0.692672
0.692726
0.692781
0.692835
0.692835
0.692867
0.692898
0.69293
0.692962
0.692993
0.693025
0.693057
0.693088
0.69312
0.693152
0.693183
0.693215
0.693247
0.693278
0.69331
0.69331
0.693344
0.693378
0.693412
0.693446
0.69348
0.693514
0.693547
0.693581
0.693615
0.693649
0.693683
0.693717
0.693751
0.693785
0.693785
0.693819
0.693853
0.693887
0.693921
0.693955
0.693989
0.694023
0.694056
0.69409
0.694124
0.694158
0.694192
0.694226
0.69426
0.69426
0.694287
0.694314
0.694341
0.694369
0.694396
0.694423
0.69445
0.694477
0.694504
0.694531
0.694559
0.694586
0.694613
0.69464
0.69464
0.694674
0.694708
0.694742
0.694776
0.69481
0.694844
0.694878
0.694911
0.694945
0.694979
0.695013
0.695047
0.695081
0.695115
0.695115
0.695149
0.695183
0.695217
0.695251
0.695285
0.695319
0.695353
0.695386
0.69542
0.695454
0.695488
0.695522
0.695556
0.69559
0.69559
0.695631
0.695671
0.695712
0.695753
0.695794
0.695834
0.695875
0.695916
0.695956
0.695997
0.696038
0.696079
0.696119
0.69616
0.69616
0.696201
0.696241
0.696282
0.696323
0.696364
0.696404
0.696445
0.696486
0.696526
0.696567
0.696608
0.696649
0.696689
0.69673
0.69673
0.696771
0.696811
0.696852
0.696893
0.696934
0.696974
0.697015
0.697056
0.697096
0.697137
0.697178
0.697219
0.697259
0.6973
0.6973
0.697341
0.697381
0.697422
0.697463
0.697504
0.697544
0.697585
0.697626
0.697666
0.697707
0.697748
0.697789
0.697829
0.69787
0.69787
0.697908
0.697946
0.697984
0.698022
0.69806
0.698098
0.698136
0.698174
0.698212
0.69825
0.698288
0.698326
0.698364
0.698402
0.69844
0.69844
0.698474
0.698508
0.698542
0.698576
0.69861
0.698644
0.698678
0.698711
0.698745
0.698779
0.698813
0.698847
0.698881
0.698915
0.698915
0.698942
0.698969
0.698996
0.699024
0.699051
0.699078
0.699105
0.699132
0.699159
0.699186
0.699214
0.699241
0.699268
0.699295
0.699295
0.699315
0.699336
0.699356
0.699376
0.699397
0.699417
0.699437
0.699458
0.699478
0.699499
0.699519
0.699539
0.69956
0.69958
0.69958
0.699614
0.699648
0.699682
0.699716
0.69975
0.699784
0.699818
0.699851
0.699885
0.699919
0.699953
0.699987
0.700021
0.700055
0.700055
0.700089
0.700123
0.700157
0.700191
0.700225
0.700259
0.700292
0.700326
0.70036
0.700394
0.700428
0.700462
0.700496
0.70053
0.70053
0.700571
0.700611
0.700652
0.700693
0.700734
0.700774
0.700815
0.700856
0.700896
0.700937
0.700978
0.701019
0.701059
0.7011
0.7011
0.701134
0.701168
0.701202
0.701236
0.70127
0.701304
0.701337
0.701371
0.701405
0.701439
0.701473
0.701507
0.701541
0.701575
0.701575
0.701609
0.701643
0.701677
0.701711
0.701745
0.701779
0.701813
0.701846
0.70188
0.701914
0.701948
0.701982
0.702016
0.70205
0.70205
0.702084
0.702118
0.702152
0.702186
0.70222
0.702254
0.702287
0.702321
0.702355
0.702389
0.702423
0.702457
0.702491
0.702525
0.702525
0.70255
0.702576
0.702601
0.702626
0.702652
0.702677
0.702702
0.702728
0.702753
0.702778
0.702804
0.702829
0.702854
0.70288
0.702905
0.702905
0.702939
0.702973
0.703007
0.703041
0.703075
0.703109
0.703143
0.703176
0.70321
0.703244
0.703278
0.703312
0.703346
0.70338
0.70338
0.7034
0.703421
0.703441
0.703461
0.703482
0.703502
0.703523
0.703543
0.703563
0.703584
0.703604
0.703624
0.703645
0.703665
0.703665
0.703706
0.703746
0.703787
0.703828
0.703869
0.703909
0.70395
0.703991
0.704031
0.704072
0.704113
0.704154
0.704194
0.704235
0.704235
0.704255
0.704276
0.704296
0.704316
0.704337
0.704357
0.704377
0.704398
0.704418
0.704439
0.704459
0.704479
0.7045
0.70452
0.70452
0.704581
0.704642
0.704703
0.704764
0.704825
0.704886
0.704947
0.705009
0.70507
0.705131
0.705192
0.705253
0.705314
0.705375
0.705375
0.705389
0.705402
0.705416
0.705429
0.705443
0.705456
0.70547
0.705484
0.705497
0.705511
0.705524
0.705538
0.705551
0.705565
0.705565
0.705612
0.70566
0.705707
0.705755
0.705803
0.70585
0.705897
0.705945
0.705992
0.70604
0.706087
0.706135
0.706182
0.70623
0.70623
0.706257
0.706284
0.706311
0.706339
0.706366
0.706393
0.70642
0.706447
0.706474
0.706501
0.706529
0.706556
0.706583
0.70661
0.70661
0.706637
0.706664
0.706691
0.706719
0.706746
0.706773
0.7068
0.706827
0.706854
0.706881
0.706909
0.706936
0.706963
0.70699
0.70699
0.707028
0.707066
0.707104
0.707142
0.70718
0.707218
0.707256
0.707294
0.707332
0.70737
0.707408
0.707446
0.707484
0.707522
0.70756
0.70756
0.707601
0.707641
0.707682
0.707723
0.707764
0.707804
0.707845
0.707886
0.707926
0.707967
0.708008
0.708049
0.708089
0.70813
0.70813
0.708157
0.708184
0.708211
0.708239
0.708266
0.708293
0.70832
0.708347
0.708374
0.708401
0.708429
0.708456
0.708483
0.70851
0.70851
0.708564
0.708619
0.708673
0.708727
0.708781
0.708836
0.70889
0.708944
0.708999
0.709053
0.709107
0.709161
0.709216
0.70927
0.70927
0.709304
0.709338
0.709372
0.709406
0.70944
0.709474
0.709507
0.709541
0.709575
0.709609
0.709643
0.709677
0.709711
0.709745
0.709745
0.709779
0.709813
0.709847
0.709881
0.709915
0.709949
0.709983
0.710016
0.71005
0.710084
0.710118
0.710152
0.710186
0.71022
0.71022
0.710261
0.710301
0.710342
0.710383
0.710424
0.710464
0.710505
0.710546
0.710586
0.710627
0.710668
0.710709
0.710749
0.71079
0.71079
0.710837
0.710885
0.710932
0.71098
0.711028
0.711075
0.711123
0.71117
0.711217
0.711265
0.711312
0.71136
0.711407
0.711455
0.711455
0.711489
0.711523
0.711557
0.711591
0.711625
0.711659
0.711693
0.711726
0.71176
0.711794
0.711828
0.711862
0.711896
0.71193
0.71193
0.71195
0.711971
0.711991
0.712011
0.712032
0.712052
0.712072
0.712093
0.712113
0.712134
0.712154
0.712174
0.712195
0.712215
0.712215
0.71224
0.712266
0.712291
0.712316
0.712342
0.712367
0.712392
0.712418
0.712443
0.712468
0.712494
0.712519
0.712544
0.71257
0.712595
0.712595
0.712629
0.712663
0.712697
0.712731
0.712765
0.712799
0.712832
0.712866
0.7129
0.712934
0.712968
0.713002
0.713036
0.71307
0.71307
0.71309
0.713111
0.713131
0.713151
0.713172
0.713192
0.713212
0.713233
0.713253
0.713274
0.713294
0.713314
0.713335
0.713355
0.713355
0.713382
0.713409
0.713436
0.713464
0.713491
0.713518
0.713545
0.713572
0.713599
0.713626
0.713654
0.713681
0.713708
0.713735
0.713735
0.713762
0.713789
0.713816
0.713844
0.713871
0.713898
0.713925
0.713952
0.713979
0.714006
0.714034
0.714061
0.714088
0.714115
0.714115
0.714156
0.714196
0.714237
0.714278
0.714319
0.714359
0.7144
0.714441
0.714481
0.714522
0.714563
0.714604
0.714644
0.714685
0.714685
0.714712
0.714739
0.714766
0.714794
0.714821
0.714848
0.714875
0.714902
0.714929
0.714956
0.714984
0.715011
0.715038
0.715065
0.715065
0.715126
0.715187
0.715248
0.715309
0.71537
0.715431
0.715492
0.715554
0.715615
0.715676
0.715737
0.715798
0.715859
0.71592
0.71592
0.715947
0.715974
0.716001
0.716029
0.716056
0.716083
0.71611
0.716137
0.716164
0.716191
0.716219
0.716246
0.716273
0.7163
0.7163
0.71632
0.716341
0.716361
0.716381
0.716402
0.716422
0.716442
0.716463
0.716483
0.716504
0.716524
0.716544
0.716565
0.716585
0.716585
0.716617
0.716648
0.71668
0.716712
0.716743
0.716775
0.716807
0.716838
0.71687
0.716902
0.716933
0.716965
0.716997
0.717028
0.71706
0.71706
0.717094
0.717128
0.717162
0.717196
0.71723
0.717264
0.717297
0.717331
0.717365
0.717399
0.717433
0.717467
0.717501
0.717535
0.717535
0.717562
0.717589
0.717616
0.717644
0.717671
0.717698
0.717725
0.717752
0.717779
0.717806
0.717834
0.717861
0.717888
0.717915
0.717915
0.717942
0.717969
0.717996
0.718024
0.718051
0.718078
0.718105
0.718132
0.718159
0.718186
0.718214
0.718241
0.718268
0.718295
0.718295
0.718329
0.718363
0.718397
0.718431
0.718465
0.718499
0.718533
0.718566
0.7186
0.718634
0.718668
0.718702
0.718736
0.71877
0.71877
0.718797
0.718824
0.718851
0.718879
0.718906
0.718933
0.71896
0.718987
0.719014
0.719041
0.719069
0.719096
0.719123
0.71915
0.71915
0.719198
0.719245
0.719293
0.71934
0.719388
0.719435
0.719483
0.71953
0.719577
0.719625
0.719673
0.71972
0.719768
0.719815
0.719815
0.719835
0.719856
0.719876
0.719896
0.719917
0.719937
0.719958
0.719978
0.719998
0.720019
0.720039
0.720059
0.72008
0.7201
0.7201
0.72012
0.720141
0.720161
0.720181
0.720202
0.720222
0.720243
0.720263
0.720283
0.720304
0.720324
0.720344
0.720365
0.720385
0.720385
0.720412
0.720439
0.720466
0.720494
0.720521
0.720548
0.720575
0.720602
0.720629
0.720656
0.720684
0.720711
0.720738
0.720765
0.720765
0.72079
0.720816
0.720841
0.720866
0.720892
0.720917
0.720942
0.720968
0.720993
0.721018
0.721044
0.721069
0.721094
0.72112
0.721145
0.721145
0.721159
0.721172
0.721186
0.721199
0.721213
0.721226
0.72124
0.721254
0.721267
0.721281
0.721294
0.721308
0.721321
0.721335
0.721335
0.721369
0.721403
0.721437
0.721471
0.721505
0.721539
0.721573
0.721606
0.72164
0.721674
0.721708
0.721742
0.721776
0.72181
0.72181
0.721851
0.721891
0.721932
0.721973
0.722014
0.722054
0.722095
0.722136
0.722176
0.722217
0.722258
0.722299
0.722339
0.72238
0.72238
0.7224
0.722421
0.722441
0.722461
0.722482
0.722502
0.722522
0.722543
0.722563
0.722584
0.722604
0.722624
0.722645
0.722665
0.722665
0.722679
0.722692
0.722706
0.722719
0.722733
0.722746
0.72276
0.722774
0.722787
0.722801
0.722814
0.722828
0.722841
0.722855
0.722855
0.722889
0.722923
0.722957
0.722991
0.723025
0.723059
0.723092
0.723126
0.72316
0.723194
0.723228
0.723262
0.723296
0.72333
0.72333
0.723364
0.723398
0.723432
0.723466
0.7235
0.723534
0.723567
0.723601
0.723635
0.723669
0.723703
0.723737
0.723771
0.723805
0.723805
0.723846
0.723886
0.723927
0.723968
0.724009
0.724049
0.72409
0.724131
0.724171
0.724212
0.724253
0.724294
0.724334
0.724375
0.724375
0.724402
0.724429
0.724456
0.724484
0.724511
0.724538
0.724565
0.724592
0.724619
0.724646
0.724674
0.724701
0.724728
0.724755
0.724755
0.724799
0.724844
0.724888
0.724932
0.724977
0.725021
0.725065
0.72511
0.725154
0.725198
0.725243
0.725287
0.725331
0.725376
0.72542
0.72542
0.725468
0.725515
0.725563
0.72561
0.725658
0.725705
0.725752
0.7258
0.725847
0.725895
0.725942
0.72599
0.726038
0.726085
0.726085
0.726119
0.726153
0.726187
0.726221
0.726255
0.726289
0.726323
0.726356
0.72639
0.726424
0.726458
0.726492
0.726526
0.72656
0.72656
0.726587
0.726614
0.726641
0.726669
0.726696
0.726723
0.72675
0.726777
0.726804
0.726831
0.726859
0.726886
0.726913
0.72694
0.72694
0.726974
0.727008
0.727042
0.727076
0.72711
0.727144
0.727178
0.727211
0.727245
0.727279
0.727313
0.727347
0.727381
0.727415
0.727415
0.727449
0.727483
0.727517
0.727551
0.727585
0.727619
0.727652
0.727686
0.72772
0.727754
0.727788
0.727822
0.727856
0.72789
0.72789
0.727924
0.727958
0.727992
0.728026
0.72806
0.728094
0.728127
0.728161
0.728195
0.728229
0.728263
0.728297
0.728331
0.728365
0.728365
0.728413
0.72846
0.728508
0.728555
0.728603
0.72865
0.728698
0.728745
0.728792
0.72884
0.728887
0.728935
0.728983
0.72903
0.72903
0.729071
0.729111
0.729152
0.729193
0.729234
0.729274
0.729315
0.729356
0.729396
0.729437
0.729478
0.729519
0.729559
0.7296
0.7296
0.72962
0.729641
0.729661
0.729681
0.729702
0.729722
0.729743
0.729763
0.729783
0.729804
0.729824
0.729844
0.729865
0.729885
0.729885
0.72991
0.729936
0.729961
0.729986
0.730012
0.730037
0.730062
0.730088
0.730113
0.730138
0.730164
0.730189
0.730214
0.73024
0.730265
0.730265
0.730279
0.730292
0.730306
0.730319
0.730333
0.730346
0.73036
0.730374
0.730387
0.730401
0.730414
0.730428
0.730441
0.730455
0.730455
0.730489
0.730523
0.730557
0.730591
0.730625
0.730659
0.730693
0.730726
0.73076
0.730794
0.730828
0.730862
0.730896
0.73093
0.73093
0.730964
0.730998
0.731032
0.731066
0.7311
0.731134
0.731167
0.731201
0.731235
0.731269
0.731303
0.731337
0.731371
0.731405
0.731405
0.731425
0.731446
0.731466
0.731486
0.731507
0.731527
0.731547
0.731568
0.731588
0.731609
0.731629
0.731649
0.73167
0.73169
0.73169
0.73171
0.731731
0.731751
0.731771
0.731792
0.731812
0.731833
0.731853
0.731873
0.731894
0.731914
0.731934
0.731955
0.731975
0.731975
0.732002
0.732029
0.732056
0.732084
0.732111
0.732138
0.732165
0.732192
0.732219
0.732246
0.732274
0.732301
0.732328
0.732355
0.732355
0.732362
0.732369
0.732375
0.732382
0.732389
0.732396
0.732403
0.732409
0.732416
0.732423
0.73243
0.732436
0.732443
0.73245
0.73245
0.732464
0.732477
0.732491
0.732504
0.732518
0.732531
0.732545
0.732559
0.732572
0.732586
0.732599
0.732613
0.732626
0.73264
0.73264
0.732688
0.732735
0.732783
0.73283
0.732877
0.732925
0.732973
0.73302
0.733068
0.733115
0.733162
0.73321
0.733257
0.733305
0.733305
0.733343
0.733381
0.733419
0.733457
0.733495
0.733533
0.733571
0.733609
0.733647
0.733685
0.733723
0.733761
0.733799
0.733837
0.733875
0.733875
0.733909
0.733943
0.733977
0.734011
0.734045
0.734079
0.734113
0.734146
0.73418
0.734214
0.734248
0.734282
0.734316
0.73435
0.73435
0.73437
0.734391
0.734411
0.734431
0.734452
0.734472
0.734493
0.734513
0.734533
0.734554
0.734574
0.734594
0.734615
0.734635
0.734635
0.734669
0.734703
0.734737
0.734771
0.734805
0.734839
0.734873
0.734906
0.73494
0.734974
0.735008
0.735042
0.735076
0.73511
0.73511
0.735158
0.735205
0.735253
0.7353
0.735348
0.735395
0.735443
0.73549
0.735538
0.735585
0.735632
0.73568
0.735727
0.735775
0.735775
0.735863
0.735951
0.73604
0.736128
0.736216
0.736304
0.736392
0.736481
0.736569
0.736657
0.736745
0.736834
0.736922
0.73701
0.73701
0.737037
0.737064
0.737091
0.737119
0.737146
0.737173
0.7372
0.737227
0.737254
0.737281
0.737309
0.737336
0.737363
0.73739
0.73739
0.737417
0.737444
0.737471
0.737499
0.737526
0.737553
0.73758
0.737607
0.737634
0.737661
0.737689
0.737716
0.737743
0.73777
0.73777
0.737804
0.737838
0.737872
0.737906
0.73794
0.737974
0.738008
0.738041
0.738075
0.738109
0.738143
0.738177
0.738211
0.738245
0.738245
0.738279
0.738313
0.738347
0.738381
0.738415
0.738449
0.738482
0.738516
0.73855
0.738584
0.738618
0.738652
0.738686
0.73872
0.73872
0.738752
0.738783
0.738815
0.738847
0.738878
0.73891
0.738942
0.738973
0.739005
0.739037
0.739068
0.7391
0.739132
0.739163
0.739195
0.739195
0.739229
0.739263
0.739297
0.739331
0.739365
0.739399
0.739432
0.739466
0.7395
0.739534
0.739568
0.739602
0.739636
0.73967
0.73967
0.739711
0.739751
0.739792
0.739833
0.739874
0.739914
0.739955
0.739996
0.740036
0.740077
0.740118
0.740159
0.740199
0.74024
0.74024
0.74026
0.740281
0.740301
0.740321
0.740342
0.740362
0.740383
0.740403
0.740423
0.740444
0.740464
0.740484
0.740505
0.740525
0.740525
0.740532
0.740539
0.740545
0.740552
0.740559
0.740566
0.740573
0.740579
0.740586
0.740593
0.7406
0.740606
0.740613
0.74062
0.74062
0.74064
0.740661
0.740681
0.740701
0.740722
0.740742
0.740762
0.740783
0.740803
0.740824
0.740844
0.740864
0.740885
0.740905
0.740905
0.740932
0.740959
0.740986
0.741014
0.741041
0.741068
0.741095
0.741122
0.741149
0.741176
0.741204
0.741231
0.741258
0.741285
0.741285
0.741299
0.741312
0.741326
0.741339
0.741353
0.741366
0.74138
0.741394
0.741407
0.741421
0.741434
0.741448
0.741461
0.741475
0.741475
0.741509
0.741543
0.741577
0.741611
0.741645
0.741679
0.741713
0.741746
0.74178
0.741814
0.741848
0.741882
0.741916
0.74195
0.74195
0.741984
0.742018
0.742052
0.742086
0.74212
0.742154
0.742188
0.742221
0.742255
0.742289
0.742323
0.742357
0.742391
0.742425
0.742425
0.74245
0.742476
0.742501
0.742526
0.742552
0.742577
0.742602
0.742628
0.742653
0.742678
0.742704
0.742729
0.742754
0.74278
0.742805
0.742805
0.742819
0.742832
0.742846
0.742859
0.742873
0.742886
0.7429
0.742914
0.742927
0.742941
0.742954
0.742968
0.742981
0.742995
0.742995
0.743029
0.743063
0.743097
0.743131
0.743165
0.743199
0.743232
0.743266
0.7433
0.743334
0.743368
0.743402
0.743436
0.74347
0.74347
0.743497
0.743524
0.743551
0.743579
0.743606
0.743633
0.74366
0.743687
0.743714
0.743741
0.743769
0.743796
0.743823
0.74385
0.74385
0.743911
0.743972
0.744033
0.744094
0.744155
0.744216
0.744277
0.744339
0.7444
0.744461
0.744522
0.744583
0.744644
0.744705
0.744705
0.744753
0.7448
0.744848
0.744895
0.744943
0.74499
0.745038
0.745085
0.745133
0.74518
0.745228
0.745275
0.745323
0.74537
0.74537
0.745424
0.745479
0.745533
0.745587
0.745641
0.745696
0.74575
0.745804
0.745859
0.745913
0.745967
0.746021
0.746076
0.74613
0.74613
0.746171
0.746211
0.746252
0.746293
0.746334
0.746374
0.746415
0.746456
0.746496
0.746537
0.746578
0.746619
0.746659
0.7467
0.7467
0.746741
0.746781
0.746822
0.746863
0.746904
0.746944
0.746985
0.747026
0.747066
0.747107
0.747148
0.747189
0.747229
0.74727
0.74727
0.74729
0.747311
0.747331
0.747351
0.747372
0.747392
0.747412
0.747433
0.747453
0.747474
0.747494
0.747514
0.747535
0.747555
0.747555
0.74758
0.747606
0.747631
0.747656
0.747682
0.747707
0.747732
0.747758
0.747783
0.747808
0.747834
0.747859
0.747884
0.74791
0.747935
0.747935
0.747969
0.748003
0.748037
0.748071
0.748105
0.748139
0.748173
0.748206
0.74824
0.748274
0.748308
0.748342
0.748376
0.74841
0.74841
0.748437
0.748464
0.748491
0.748519
0.748546
0.748573
0.7486
0.748627
0.748654
0.748681
0.748709
0.748736
0.748763
0.74879
0.74879
0.748824
0.748858
0.748892
0.748926
0.74896
0.748994
0.749027
0.749061
0.749095
0.749129
0.749163
0.749197
0.749231
0.749265
0.749265
0.749299
0.749333
0.749367
0.749401
0.749435
0.749469
0.749502
0.749536
0.74957
0.749604
0.749638
0.749672
0.749706
0.74974
0.74974
0.749767
0.749794
0.749821
0.749849
0.749876
0.749903
0.74993
0.749957
0.749984
0.750011
0.750039
0.750066
0.750093
0.75012
0.75012
0.750161
0.750201
0.750242
0.750283
0.750324
0.750364
0.750405
0.750446
0.750486
0.750527
0.750568
0.750609
0.750649
0.75069
0.75069
0.75071
0.750731
0.750751
0.750771
0.750792
0.750812
0.750832
0.750853
0.750873
0.750894
0.750914
0.750934
0.750955
0.750975
0.750975
0.750989
0.751002
0.751016
0.751029
0.751043
0.751056
0.75107
0.751084
0.751097
0.751111
0.751124
0.751138
0.751151
0.751165
0.751165
0.751178
0.75119
0.751203
0.751216
0.751228
0.751241
0.751254
0.751266
0.751279
0.751292
0.751304
0.751317
0.75133
0.751342
0.751355
0.751355
0.751416
0.751477
0.751538
0.751599
0.75166
0.751721
0.751783
0.751844
0.751905
0.751966
0.752027
0.752088
0.752149
0.75221
0.75221
0.752237
0.752264
0.752291
0.752319
0.752346
0.752373
0.7524
0.752427
0.752454
0.752481
0.752509
0.752536
0.752563
0.75259
0.75259
0.752597
0.752604
0.75261
0.752617
0.752624
0.752631
0.752638
0.752644
0.752651
0.752658
0.752665
0.752671
0.752678
0.752685
0.752685
0.752733
0.75278
0.752828
0.752875
0.752922
0.75297
0.753017
0.753065
0.753112
0.75316
0.753207
0.753255
0.753302
0.75335
0.75335
0.753397
0.753445
0.753492
0.75354
0.753587
0.753635
0.753682
0.75373
0.753777
0.753825
0.753872
0.75392
0.753967
0.754015
0.754015
0.754029
0.754042
0.754056
0.754069
0.754083
0.754096
0.75411
0.754124
0.754137
0.754151
0.754164
0.754178
0.754191
0.754205
0.754205
0.754246
0.754286
0.754327
0.754368
0.754409
0.754449
0.75449
0.754531
0.754571
0.754612
0.754653
0.754694
0.754734
0.754775
0.754775
0.754822
0.75487
0.754918
0.754965
0.755013
0.75506
0.755108
0.755155
0.755202
0.75525
0.755297
0.755345
0.755392
0.75544
0.75544
0.755488
0.755535
0.755583
0.75563
0.755678
0.755725
0.755772
0.75582
0.755867
0.755915
0.755962
0.75601
0.756058
0.756105
0.756105
0.75613
0.756156
0.756181
0.756206
0.756232
0.756257
0.756282
0.756308
0.756333
0.756358
0.756384
0.756409
0.756434
0.75646
0.756485
0.756485
0.756526
0.756566
0.756607
0.756648
0.756689
0.756729
0.75677
0.756811
0.756851
0.756892
0.756933
0.756974
0.757014
0.757055
0.757055
0.757109
0.757164
0.757218
0.757272
0.757326
0.757381
0.757435
0.757489
0.757544
0.757598
0.757652
0.757706
0.757761
0.757815
0.757815
0.757883
0.757951
0.758019
0.758086
0.758154
0.758222
0.75829
0.758358
0.758426
0.758494
0.758561
0.758629
0.758697
0.758765
0.758765
0.758792
0.758819
0.758846
0.758874
0.758901
0.758928
0.758955
0.758982
0.759009
0.759036
0.759064
0.759091
0.759118
0.759145
0.759145
0.759206
0.759267
0.759328
0.759389
0.75945
0.759511
0.759573
0.759634
0.759695
0.759756
0.759817
0.759878
0.759939
0.76
0.76
0.760041
0.760081
0.760122
0.760163
0.760204
0.760244
0.760285
0.760326
0.760366
0.760407
0.760448
0.760489
0.760529
0.76057
0.76057
0.760604
0.760638
0.760672
0.760706
0.76074
0.760774
0.760808
0.760841
0.760875
0.760909
0.760943
0.760977
0.761011
0.761045
0.761045
0.761079
0.761113
0.761147
0.761181
0.761215
0.761249
0.761283
0.761316
0.76135
0.761384
0.761418
0.761452
0.761486
0.76152
0.76152
0.761561
0.761601
0.761642
0.761683
0.761724
0.761764
0.761805
0.761846
0.761886
0.761927
0.761968
0.762009
0.762049
0.76209
0.76209
0.762122
0.762153
0.762185
0.762217
0.762248
0.76228
0.762312
0.762343
0.762375
0.762407
0.762438
0.76247
0.762502
0.762533
0.762565
0.762565
0.762633
0.762701
0.762769
0.762836
0.762904
0.762972
0.76304
0.763108
0.763176
0.763244
0.763311
0.763379
0.763447
0.763515
0.763515
0.763576
0.763637
0.763698
0.763759
0.76382
0.763881
0.763942
0.764004
0.764065
0.764126
0.764187
0.764248
0.764309
0.76437
0.76437
0.764411
0.764451
0.764492
0.764533
0.764574
0.764614
0.764655
0.764696
0.764736
0.764777
0.764818
0.764859
0.764899
0.76494
0.76494
0.764981
0.765021
0.765062
0.765103
0.765144
0.765184
0.765225
0.765266
0.765306
0.765347
0.765388
0.765429
0.765469
0.76551
0.76551
0.765551
0.765591
0.765632
0.765673
0.765714
0.765754
0.765795
0.765836
0.765876
0.765917
0.765958
0.765999
0.766039
0.76608
0.76608
0.766155
0.766229
0.766304
0.766379
0.766453
0.766528
0.766603
0.766677
0.766752
0.766826
0.766901
0.766976
0.76705
0.767125
0.767125
0.767152
0.767179
0.767206
0.767234
0.767261
0.767288
0.767315
0.767342
0.767369
0.767396
0.767424
0.767451
0.767478
0.767505
0.767505
0.767573
0.767641
0.767709
0.767776
0.767844
0.767912
0.76798
0.768048
0.768116
0.768184
0.768251
0.768319
0.768387
0.768455
0.768455
0.768475
0.768496
0.768516
0.768536
0.768557
0.768577
0.768597
0.768618
0.768638
0.768659
0.768679
0.768699
0.76872
0.76874
0.76874
0.768772
0.768803
0.768835
0.768867
0.768898
0.76893
0.768962
0.768993
0.769025
0.769057
0.769088
0.76912
0.769152
0.769183
0.769215
0.769215
0.769283
0.769351
0.769419
0.769486
0.769554
0.769622
0.76969
0.769758
0.769826
0.769894
0.769961
0.770029
0.770097
0.770165
0.770165
0.770199
0.770233
0.770267
0.770301
0.770335
0.770369
0.770403
0.770436
0.77047
0.770504
0.770538
0.770572
0.770606
0.77064
0.77064
0.770681
0.770721
0.770762
0.770803
0.770844
0.770884
0.770925
0.770966
0.771006
0.771047
0.771088
0.771129
0.771169
0.77121
0.77121
0.77123
0.771251
0.771271
0.771291
0.771312
0.771332
0.771353
0.771373
0.771393
0.771414
0.771434
0.771454
0.771475
0.771495
0.771495
0.771536
0.771576
0.771617
0.771658
0.771699
0.771739
0.77178
0.771821
0.771861
0.771902
0.771943
0.771984
0.772024
0.772065
0.772065
0.772085
0.772106
0.772126
0.772146
0.772167
0.772187
0.772207
0.772228
0.772248
0.772269
0.772289
0.772309
0.77233
0.77235
0.77235
0.772418
0.772486
0.772554
0.772621
0.772689
0.772757
0.772825
0.772893
0.772961
0.773029
0.773096
0.773164
0.773232
0.7733
0.7733
0.773388
0.773476
0.773565
0.773653
0.773741
0.773829
0.773917
0.774006
0.774094
0.774182
0.77427
0.774359
0.774447
0.774535
0.774535
0.774549
0.774562
0.774576
0.774589
0.774603
0.774616
0.77463
0.774644
0.774657
0.774671
0.774684
0.774698
0.774711
0.774725
0.774725
0.774776
0.774826
0.774877
0.774928
0.774978
0.775029
0.77508
0.77513
0.775181
0.775232
0.775282
0.775333
0.775384
0.775434
0.775485
0.775485
0.775526
0.775566
0.775607
0.775648
0.775689
0.775729
0.77577
0.775811
0.775851
0.775892
0.775933
0.775974
0.776014
0.776055
0.776055
0.776116
0.776177
0.776238
0.776299
0.77636
0.776421
0.776483
0.776544
0.776605
0.776666
0.776727
0.776788
0.776849
0.77691
0.77691
0.776951
0.776991
0.777032
0.777073
0.777114
0.777154
0.777195
0.777236
0.777276
0.777317
0.777358
0.777399
0.777439
0.77748
0.77748
0.777514
0.777548
0.777582
0.777616
0.77765
0.777684
0.777717
0.777751
0.777785
0.777819
0.777853
0.777887
0.777921
0.777955
0.777955
0.77803
0.778104
0.778179
0.778254
0.778328
0.778403
0.778477
0.778552
0.778627
0.778701
0.778776
0.778851
0.778925
0.779
0.779
0.779034
0.779068
0.779102
0.779136
0.77917
0.779204
0.779238
0.779271
0.779305
0.779339
0.779373
0.779407
0.779441
0.779475
0.779475
0.779502
0.779529
0.779556
0.779584
0.779611
0.779638
0.779665
0.779692
0.779719
0.779746
0.779774
0.779801
0.779828
0.779855
0.779855
0.779909
0.779964
0.780018
0.780072
0.780126
0.780181
0.780235
0.780289
0.780344
0.780398
0.780452
0.780506
0.780561
0.780615
0.780615
0.780662
0.78071
0.780757
0.780805
0.780852
0.7809
0.780947
0.780995
0.781042
0.78109
0.781137
0.781185
0.781232
0.78128
0.78128
0.781312
0.781343
0.781375
0.781407
0.781438
0.78147
0.781502
0.781533
0.781565
0.781597
0.781628
0.78166
0.781692
0.781723
0.781755
0.781755
0.781789
0.781823
0.781857
0.781891
0.781925
0.781959
0.781992
0.782026
0.78206
0.782094
0.782128
0.782162
0.782196
0.78223
0.78223
0.782298
0.782366
0.782434
0.782501
0.782569
0.782637
0.782705
0.782773
0.782841
0.782909
0.782976
0.783044
0.783112
0.78318
0.78318
0.78319
0.7832
0.78321
0.783219
0.783229
0.783239
0.783249
0.783259
0.783268
0.783278
0.783288
0.783298
0.783308
0.783318
0.783327
0.783337
0.783347
0.783357
0.783367
0.783377
0.783386
0.783396
0.783406
0.783416
0.783426
0.783436
0.783445
0.783455
0.783465
0.783465
0.78354
0.783614
0.783689
0.783764
0.783838
0.783913
0.783988
0.784062
0.784137
0.784211
0.784286
0.784361
0.784435
0.78451
0.78451
0.784585
0.784659
0.784734
0.784809
0.784883
0.784958
0.785033
0.785107
0.785182
0.785256
0.785331
0.785406
0.78548
0.785555
0.785555
0.785596
0.785636
0.785677
0.785718
0.785759
0.785799
0.78584
0.785881
0.785921
0.785962
0.786003
0.786044
0.786084
0.786125
0.786125
0.786155
0.786184
0.786213
0.786243
0.786272
0.786302
0.786331
0.786361
0.78639
0.78642
0.786449
0.786479
0.786508
0.786538
0.786567
0.786597
0.786626
0.786656
0.786685
0.786715
0.786744
0.786774
0.786803
0.786833
0.786862
0.786892
0.786921
0.786951
0.78698
0.78698
0.787018
0.787056
0.787094
0.787132
0.78717
0.787208
0.787246
0.787284
0.787322
0.78736
0.787398
0.787436
0.787474
0.787512
0.78755
0.78755
0.78757
0.787591
0.787611
0.787631
0.787652
0.787672
0.787692
0.787713
0.787733
0.787754
0.787774
0.787794
0.787815
0.787835
0.787835
0.787923
0.788011
0.7881
0.788188
0.788276
0.788364
0.788453
0.788541
0.788629
0.788717
0.788805
0.788894
0.788982
0.78907
0.78907
0.789118
0.789165
0.789213
0.78926
0.789308
0.789355
0.789402
0.78945
0.789497
0.789545
0.789593
0.78964
0.789688
0.789735
0.789735
0.789776
0.789816
0.789857
0.789898
0.789939
0.789979
0.79002
0.790061
0.790101
0.790142
0.790183
0.790224
0.790264
0.790305
0.790305
0.790353
0.7904
0.790448
0.790495
0.790542
0.79059
0.790637
0.790685
0.790733
0.79078
0.790827
0.790875
0.790922
0.79097
0.79097
0.791045
0.791119
0.791194
0.791269
0.791343
0.791418
0.791492
0.791567
0.791642
0.791716
0.791791
0.791866
0.79194
0.792015
0.792015
0.79211
0.792205
0.7923
0.792395
0.79249
0.792585
0.79268
0.792775
0.79287
0.792965
0.79306
0.793155
0.79325
0.793345
0.793345
0.793426
0.793508
0.793589
0.793671
0.793752
0.793834
0.793915
0.793996
0.794078
0.794159
0.794241
0.794322
0.794404
0.794485
0.794485
0.794523
0.794561
0.794599
0.794637
0.794675
0.794713
0.794751
0.794789
0.794827
0.794865
0.794903
0.794941
0.794979
0.795017
0.795055
0.795093
0.795131
0.795169
0.795207
0.795245
0.795283
0.795321
0.795359
0.795397
0.795435
0.795473
0.795511
0.795549
0.795587
0.795625
0.795625
0.795651
0.795677
0.795704
0.79573
0.795756
0.795782
0.795808
0.795835
0.795861
0.795887
0.795913
0.795939
0.795966
0.795992
0.796018
0.796044
0.796071
0.796097
0.796123
0.796149
0.796175
0.796202
0.796228
0.796254
0.79628
0.796306
0.796333
0.796359
0.796385
0.796385
0.796473
0.796561
0.79665
0.796738
0.796826
0.796914
0.797002
0.797091
0.797179
0.797267
0.797355
0.797444
0.797532
0.79762
0.79762
0.797654
0.797688
0.797722
0.797756
0.79779
0.797824
0.797858
0.797891
0.797925
0.797959
0.797993
0.798027
0.798061
0.798095
0.798095
0.798122
0.798149
0.798176
0.798204
0.798231
0.798258
0.798285
0.798312
0.798339
0.798366
0.798394
0.798421
0.798448
0.798475
0.798475
0.798536
0.798597
0.798658
0.798719
0.79878
0.798841
0.798903
0.798964
0.799025
0.799086
0.799147
0.799208
0.799269
0.79933
0.79933
0.799398
0.799466
0.799534
0.799601
0.799669
0.799737
0.799805
0.799873
0.799941
0.800009
0.800076
0.800144
0.800212
0.80028
0.80028
0.800293
0.800306
0.800319
0.800332
0.800346
0.800359
0.800372
0.800385
0.800398
0.800411
0.800424
0.800437
0.80045
0.800463
0.800477
0.80049
0.800503
0.800516
0.800529
0.800542
0.800555
0.800568
0.800581
0.800595
0.800608
0.800621
0.800634
0.800647
0.80066
0.80066
0.800698
0.800736
0.800774
0.800812
0.80085
0.800888
0.800926
0.800964
0.801002
0.80104
0.801078
0.801116
0.801154
0.801192
0.80123
0.80123
0.801246
0.801263
0.801279
0.801296
0.801312
0.801328
0.801345
0.801361
0.801377
0.801394
0.80141
0.801427
0.801443
0.801459
0.801476
0.801492
0.801508
0.801525
0.801541
0.801558
0.801574
0.80159
0.801607
0.801623
0.801639
0.801656
0.801672
0.801689
0.801705
0.801705
0.801807
0.801909
0.80201
0.802112
0.802214
0.802316
0.802418
0.802519
0.802621
0.802723
0.802825
0.802926
0.803028
0.80313
0.80313
0.803171
0.803211
0.803252
0.803293
0.803334
0.803374
0.803415
0.803456
0.803496
0.803537
0.803578
0.803619
0.803659
0.8037
0.8037
0.803809
0.803917
0.804026
0.804134
0.804243
0.804351
0.80446
0.804569
0.804677
0.804786
0.804894
0.805003
0.805111
0.80522
0.80522
0.80539
0.805559
0.805729
0.805899
0.806068
0.806238
0.806407
0.806577
0.806747
0.806916
0.807086
0.807256
0.807425
0.807595
0.807595
0.807724
0.807853
0.807982
0.808111
0.80824
0.808369
0.808497
0.808626
0.808755
0.808884
0.809013
0.809142
0.809271
0.8094
0.8094
0.809448
0.809495
0.809543
0.80959
0.809637
0.809685
0.809732
0.80978
0.809828
0.809875
0.809922
0.80997
0.810017
0.810065
0.810065
0.810087
0.810109
0.810131
0.810154
0.810176
0.810198
0.81022
0.810242
0.810264
0.810287
0.810309
0.810331
0.810353
0.810375
0.810398
0.81042
0.810442
0.810464
0.810486
0.810508
0.81053
0.810553
0.810575
0.810597
0.810619
0.810641
0.810663
0.810686
0.810708
0.81073
0.810752
0.810774
0.810796
0.810819
0.810841
0.810863
0.810885
0.810907
0.810929
0.810952
0.810974
0.810996
0.811018
0.81104
0.811062
0.811085
0.811107
0.811129
0.811151
0.811173
0.811195
0.811218
0.81124
0.811262
0.811284
0.811306
0.811328
0.811351
0.811373
0.811395
0.811395
0.811442
0.81149
0.811538
0.811585
0.811633
0.81168
0.811728
0.811775
0.811822
0.81187
0.811917
0.811965
0.812012
0.81206
0.81206
0.812086
0.812111
0.812137
0.812163
0.812189
0.812215
0.81224
0.812266
0.812292
0.812318
0.812343
0.812369
0.812395
0.812421
0.812446
0.812472
0.812498
0.812524
0.81255
0.812575
0.812601
0.812627
0.812653
0.812678
0.812704
0.81273
0.812756
0.812781
0.812807
0.812833
0.812859
0.812884
0.81291
0.812936
0.812962
0.812988
0.813013
0.813039
0.813065
0.813091
0.813116
0.813142
0.813168
0.813194
0.813219
0.813245
0.813271
0.813297
0.813322
0.813348
0.813374
0.8134
0.813425
0.813451
0.813477
0.813503
0.813529
0.813554
0.81358
0.81358
0.813689
0.813797
0.813906
0.814014
0.814123
0.814231
0.81434
0.814449
0.814557
0.814666
0.814774
0.814883
0.814991
0.8151
0.8151
0.815154
0.815209
0.815263
0.815317
0.815371
0.815426
0.81548
0.815534
0.815589
0.815643
0.815697
0.815751
0.815806
0.81586
0.81586
0.815888
0.815917
0.815946
0.815974
0.816002
0.816031
0.816059
0.816088
0.816116
0.816145
0.816173
0.816202
0.81623
0.816259
0.816288
0.816316
0.816344
0.816373
0.816401
0.81643
0.816458
0.816487
0.816516
0.816544
0.816572
0.816601
0.81663
0.816658
0.816687
0.816715
0.816715
0.816776
0.816837
0.816898
0.816959
0.81702
0.817081
0.817142
0.817204
0.817265
0.817326
0.817387
0.817448
0.817509
0.81757
0.81757
0.817638
0.817706
0.817774
0.817841
0.817909
0.817977
0.818045
0.818113
0.818181
0.818249
0.818316
0.818384
0.818452
0.81852
0.81852
0.818581
0.818642
0.818703
0.818764
0.818825
0.818886
0.818948
0.819009
0.81907
0.819131
0.819192
0.819253
0.819314
0.819375
0.819375
0.819441
0.819506
0.819572
0.819637
0.819703
0.819768
0.819834
0.819899
0.819965
0.82003
0.820096
0.820161
0.820227
0.820292
0.820358
0.820423
0.820489
0.820554
0.82062
0.820685
0.820751
0.820816
0.820882
0.820947
0.821013
0.821078
0.821144
0.821209
0.821275
0.821275
0.821431
0.821587
0.821743
0.821899
0.822055
0.822211
0.822367
0.822524
0.82268
0.822836
0.822992
0.823148
0.823304
0.82346
0.82346
0.823496
0.823532
0.823568
0.823604
0.82364
0.823676
0.823712
0.823748
0.823784
0.82382
0.823856
0.823892
0.823928
0.823964
0.824001
0.824037
0.824073
0.824109
0.824145
0.824181
0.824217
0.824253
0.824289
0.824325
0.824361
0.824397
0.824433
0.824469
0.824505
0.824505
0.824575
0.824644
0.824714
0.824784
0.824853
0.824923
0.824993
0.825062
0.825132
0.825202
0.825271
0.825341
0.825411
0.82548
0.82555
0.82555
0.82574
0.82593
0.82612
0.82631
0.8265
0.82669
0.82688
0.82707
0.82726
0.82745
0.82764
0.82783
0.82802
0.82821
0.82821
0.828351
0.828492
0.828633
0.828773
0.828914
0.829055
0.829196
0.829337
0.829478
0.829619
0.829759
0.8299
0.830041
0.830182
0.830323
0.830464
0.830605
0.830746
0.830886
0.831027
0.831168
0.831309
0.83145
0.831591
0.831732
0.831872
0.832013
0.832154
0.832295
0.832295
0.832424
0.832553
0.832682
0.832811
0.83294
0.833069
0.833197
0.833326
0.833455
0.833584
0.833713
0.833842
0.833971
0.8341
0.8341
0.834351
0.834602
0.834853
0.835104
0.835355
0.835606
0.835858
0.836109
0.83636
0.836611
0.836862
0.837113
0.837364
0.837615
0.837615
0.837677
0.837739
0.837802
0.837864
0.837926
0.837988
0.838051
0.838113
0.838175
0.838237
0.8383
0.838362
0.838424
0.838486
0.838549
0.838611
0.838673
0.838735
0.838798
0.83886
0.838922
0.838984
0.839047
0.839109
0.839171
0.839233
0.839296
0.839358
0.83942
0.83942
0.839492
0.839564
0.839636
0.839708
0.83978
0.839852
0.839925
0.839997
0.840069
0.840141
0.840213
0.840285
0.840357
0.840429
0.840501
0.840573
0.840645
0.840717
0.840789
0.840861
0.840933
0.841006
0.841078
0.84115
0.841222
0.841294
0.841366
0.841438
0.84151
0.84151
0.841536
0.841562
0.841589
0.841615
0.841641
0.841667
0.841694
0.84172
0.841746
0.841772
0.841799
0.841825
0.841851
0.841877
0.841904
0.84193
0.841956
0.841982
0.842009
0.842035
0.842061
0.842087
0.842113
0.84214
0.842166
0.842192
0.842218
0.842245
0.842271
0.842297
0.842323
0.84235
0.842376
0.842402
0.842428
0.842455
0.842481
0.842507
0.842533
0.84256
0.842586
0.842612
0.842638
0.842664
0.842691
0.842717
0.842743
0.842769
0.842796
0.842822
0.842848
0.842874
0.842901
0.842927
0.842953
0.842979
0.843006
0.843032
0.843058
0.843084
0.843111
0.843137
0.843163
0.843189
0.843215
0.843242
0.843268
0.843294
0.84332
0.843347
0.843373
0.843399
0.843425
0.843452
0.843478
0.843504
0.84353
0.843557
0.843583
0.843609
0.843635
0.843661
0.843688
0.843714
0.84374
0.843766
0.843793
0.843819
0.843845
0.843871
0.843898
0.843924
0.84395
0.843976
0.844003
0.844029
0.844055
0.844081
0.844108
0.844134
0.84416
0.844186
0.844213
0.844239
0.844265
0.844265
0.844357
0.844448
0.84454
0.844632
0.844724
0.844815
0.844907
0.844999
0.845091
0.845182
0.845274
0.845366
0.845457
0.845549
0.845641
0.845733
0.845824
0.845916
0.846008
0.846099
0.846191
0.846283
0.846375
0.846466
0.846558
0.84665
0.846742
0.846833
0.846925
0.846925
0.847108
0.847291
0.847475
0.847658
0.847841
0.848024
0.848208
0.848391
0.848574
0.848757
0.84894
0.849124
0.849307
0.84949
0.84949
0.849579
0.849667
0.849756
0.849845
0.849933
0.850022
0.850111
0.850199
0.850288
0.850377
0.850465
0.850554
0.850643
0.850731
0.85082
0.850909
0.850997
0.851086
0.851175
0.851263
0.851352
0.851441
0.851529
0.851618
0.851707
0.851795
0.851884
0.851973
0.852061
0.85215
0.85215
0.852489
0.852829
0.853168
0.853507
0.853846
0.854186
0.854525
0.854864
0.855204
0.855543
0.855882
0.856221
0.856561
0.8569
0.8569
0.857083
0.857267
0.85745
0.857634
0.857817
0.858001
0.858184
0.858368
0.858551
0.858734
0.858918
0.859101
0.859285
0.859468
0.859652
0.859835
0.860019
0.860202
0.860386
0.860569
0.860752
0.860936
0.861119
0.861303
0.861486
0.86167
0.861853
0.862037
0.86222
0.86222
0.862403
0.862587
0.86277
0.862954
0.863137
0.863321
0.863504
0.863688
0.863871
0.864055
0.864238
0.864421
0.864605
0.864788
0.864972
0.865155
0.865339
0.865522
0.865705
0.865889
0.866072
0.866256
0.866439
0.866623
0.866806
0.86699
0.867173
0.867357
0.86754
0.86754
0.867629
0.867717
0.867806
0.867895
0.867983
0.868072
0.868161
0.868249
0.868338
0.868427
0.868515
0.868604
0.868693
0.868781
0.86887
0.868959
0.869047
0.869136
0.869225
0.869313
0.869402
0.869491
0.869579
0.869668
0.869757
0.869845
0.869934
0.870023
0.870111
0.8702
0.870289
0.870377
0.870466
0.870555
0.870643
0.870732
0.870821
0.870909
0.870998
0.871087
0.871175
0.871264
0.871353
0.871441
0.87153
0.871619
0.871707
0.871796
0.871885
0.871973
0.872062
0.872151
0.872239
0.872328
0.872417
0.872505
0.872594
0.872683
0.872771
0.87286
0.87286
0.873431
0.874003
0.874574
0.875146
0.875717
0.876288
0.87686
0.877431
0.878003
0.878574
0.879146
0.879717
0.880288
0.88086
0.881431
0.882003
0.882574
0.883145
0.883717
0.884288
0.88486
0.885431
0.886002
0.886574
0.887145
0.887717
0.888288
0.888859
0.889431
0.890002
0.890574
0.891145
0.891716
0.892288
0.892859
0.893431
0.894002
0.894574
0.895145
0.895716
0.896288
0.896859
0.897431
0.898002
0.898573
0.899145
0.899716
0.900288
0.900859
0.90143
0.902002
0.902573
0.903145
0.903716
0.904287
0.904859
0.90543
0.906002
0.906573
0.907144
0.907716
0.908287
0.908859
0.90943
0.910001
0.910573
0.911144
0.911716
0.912287
0.912859
0.91343
0.914001
0.914573
0.915144
0.915716
0.916287
0.916858
0.91743
0.918001
0.918573
0.919144
0.919715
0.920287
0.920858
0.92143
0.922001
0.922572
0.923144
0.923715
0.924287
0.924858
0.925429
0.926001
0.926572
0.927144
0.927715
0.928286
0.928858
0.929429
0.930001
0.930572
0.931144
0.931715
0.932286
0.932858
0.933429
0.934001
0.934572
0.935143
0.935715
0.936286
0.936858
0.937429
0.938
0.938572
0.939143
0.939715
0.940286
0.940857
0.941429
0.942
0.942572
0.943143
0.943714
0.944286
0.944857
0.945429
0.946
0.946572
0.947143
0.947714
0.948286
0.948857
0.949429
0.95
0.95
0.95002
0.95004
0.95006
0.95008
0.9501
0.95012
0.95014
0.95016
0.95018
0.9502
0.95022
0.95024
0.95026
0.95028
0.9503
0.95032
0.95034
0.95036
0.95038
0.9504
0.95042
0.95044
0.95046
0.95048
0.9505
0.95052
0.95054
0.95056
0.95058
0.9506
0.95062
0.95064
0.95066
0.95068
0.9507
0.95072
0.95074
0.95076
0.95078
0.9508
0.95082
0.95084
0.95086
0.95088
0.9509
0.95092
0.95094
0.95096
0.95098
0.951
0.95102
0.95104
0.95106
0.95108
0.9511
0.95112
0.95114
0.95116
0.95118
0.9512
0.95122
0.95124
0.95126
0.95128
0.9513
0.95132
0.95134
0.95136
0.95138
0.9514
0.95142
0.95144
0.95146
0.95148
0.9515
0.95152
0.95154
0.95156
0.95158
0.9516
0.95162
0.95164
0.95166
0.95168
0.9517
0.95172
0.95174
0.95176
0.95178
0.9518
0.95182
0.95184
0.95186
0.95188
0.9519
0.95192
0.95194
0.95196
0.95198
0.952
0.95202
0.95204
0.95206
0.95208
0.9521
0.95212
0.95214
0.95216
0.95218
0.9522
0.95222
0.95224
0.95226
0.95228
0.9523
0.95232
0.95234
0.95236
0.95238
0.9524
0.95242
0.95244
0.95246
0.95248
0.9525
0.95252
0.95254
0.95256
0.95258
0.9526
0.95262
0.95264
0.95266
0.95268
0.9527
0.95272
0.95274
0.95276
0.95278
0.9528
0.95282
0.95284
0.95286
0.95288
0.9529
0.95292
0.95294
0.95296
0.95298
0.953
0.95302
0.95304
0.95306
0.95308
0.9531
0.95312
0.95314
0.95316
0.95318
0.9532
0.95322
0.95324
0.95326
0.95328
0.9533
0.95332
0.95334
0.95336
0.95338
0.9534
0.95342
0.95344
0.95346
0.95348
0.9535
0.95352
0.95354
0.95356
0.95358
0.9536
0.95362
0.95364
0.95366
0.95368
0.9537
0.95372
0.95374
0.95376
0.95378
0.9538
0.95382
0.95384
0.95386
0.95388
0.9539
0.95392
0.95394
0.95396
0.95398
0.954
0.95402
0.95404
0.95406
0.95408
0.9541
0.95412
0.95414
0.95416
0.95418
0.9542
0.95422
0.95424
0.95426
0.95428
0.9543
0.95432
0.95434
0.95436
0.95438
0.9544
0.95442
0.95444
0.95446
0.95448
0.9545
0.95452
0.95454
0.95456
0.95458
0.9546
0.95462
0.95464
0.95466
0.95468
0.9547
0.95472
0.95474
0.95476
0.95478
0.9548
0.95482
0.95484
0.95486
0.95488
0.9549
0.95492
0.95494
0.95496
0.95498
0.955
0.95502
0.95504
0.95506
0.95508
0.9551
0.95512
0.95514
0.95516
0.95518
0.9552
0.95522
0.95524
0.95526
0.95528
0.9553
0.95532
0.95534
0.95536
0.95538
0.9554
0.95542
0.95544
0.95546
0.95548
0.9555
0.95552
0.95554
0.95556
0.95558
0.9556
0.95562
0.95564
0.95566
0.95568
0.9557
0.95572
0.95574
0.95576
0.95578
0.9558
0.95582
0.95584
0.95586
0.95588
0.9559
0.95592
0.95594
0.95596
0.95598
0.956
0.95602
0.95604
0.95606
0.95608
0.9561
0.95612
0.95614
0.95616
0.95618
0.9562
0.95622
0.95624
0.95626
0.95628
0.9563
0.95632
0.95634
0.95636
0.95638
0.9564
0.95642
0.95644
0.95646
0.95648
0.9565
0.95652
0.95654
0.95656
0.95658
0.9566
0.95662
0.95664
0.95666
0.95668
0.9567
0.95672
0.95674
0.95676
0.95678
0.9568
0.95682
0.95684
0.95686
0.95688
0.9569
0.95692
0.95694
0.95696
0.95698
0.957
0.95702
0.95704
0.95706
0.95708
0.9571
0.95712
0.95714
0.95716
0.95718
0.9572
0.95722
0.95724
0.95726
0.95728
0.9573
0.95732
0.95734
0.95736
0.95738
0.9574
0.95742
0.95744
0.95746
0.95748
0.9575
0.95752
0.95754
0.95756
0.95758
0.9576
0.95762
0.95764
0.95766
0.95768
0.9577
0.95772
0.95774
0.95776
0.95778
0.9578
0.95782
0.95784
0.95786
0.95788
0.9579
0.95792
0.95794
0.95796
0.95798
0.958
0.95802
0.95804
0.95806
0.95808
0.9581
0.95812
0.95814
0.95816
0.95818
0.9582
0.95822
0.95824
0.95826
0.95828
0.9583
0.95832
0.95834
0.95836
0.95838
0.9584
0.95842
0.95844
0.95846
0.95848
0.9585
0.95852
0.95854
0.95856
0.95858
0.9586
0.95862
0.95864
0.95866
0.95868
0.9587
0.95872
0.95874
0.95876
0.95878
0.9588
0.95882
0.95884
0.95886
0.95888
0.9589
0.95892
0.95894
0.95896
0.95898
0.959
0.95902
0.95904
0.95906
0.95908
0.9591
0.95912
0.95914
0.95916
0.95918
0.9592
0.95922
0.95924
0.95926
0.95928
0.9593
0.95932
0.95934
0.95936
0.95938
0.9594
0.95942
0.95944
0.95946
0.95948
0.9595
0.95952
0.95954
0.95956
0.95958
0.9596
0.95962
0.95964
0.95966
0.95968
0.9597
0.95972
0.95974
0.95976
0.95978
0.9598
0.95982
0.95984
0.95986
0.95988
0.9599
0.95992
0.95994
0.95996
0.95998
