0.860701
0.0380698
0.01
0.01
0.01
0.01
0.01
0.01
0.01
0.01
0.01
0.01
0.01
0.01
0.01
0.01
0.01
0.01
0.01
0.01
0.01
0.01
0.01
0.01
0.01
0.01
0.01
0.01
0.01
0.01
0.01
0.01
0.01
0.01
0.01
0.01
0.0100081
0.0103114
0.0106147
0.010918
0.0112212
0.0115245
0.0118278
0.0121311
0.0124343
0.0127376
0.0130409
0.0133442
0.0136474
0.0139507
0.014254
0.0145573
0.0148606
0.0151638
0.0154671
0.0157704
0.0160737
0.0163769
0.0166802
0.0169835
0.0172868
0.01759
0.0178933
0.0181966
0.0184999
0.0188031
0.0191064
0.0194097
0.019713
0.0200163
0.0203195
0.0206228
0.0209261
0.0212294
0.0215326
0.0218359
0.0221392
0.0224425
0.0227457
0.023049
0.0233523
0.0236556
0.0239588
0.0242621
0.0245654
0.0248687
0.025172
0.0254752
0.0257785
0.0260818
0.0263851
0.0266883
0.0269916
0.0272949
0.0275982
0.0279014
0.0282047
0.028508
0.0288113
0.0291145
0.0294178
0.0297211
0.0300244
0.0303277
0.0306309
0.0309342
0.0312375
0.0315408
0.031844
0.0321473
0.0324506
0.0327539
0.0330571
0.0333604
0.0336637
0.033967
0.0342702
0.0345735
0.0348768
0.0351801
0.0354834
0.0357866
0.0360899
0.0363932
0.0366965
0.0369997
0.037303
0.0376063
0.0379096
0.0382128
0.0385161
0.0388194
0.0391227
0.039426
0.0397292
0.0400325
0.0403358
0.0406391
0.0409423
0.0412456
0.0415489
0.0418522
0.0421554
0.0424587
0.042762
0.0430653
0.0433685
0.0436718
0.0439751
0.0442784
0.0445817
0.0448849
0.0451882
0.0454915
0.0457948
0.046098
0.0464013
0.0467046
0.0470079
0.0473111
0.0476144
0.0479177
0.048221
0.0485242
0.0488275
0.0491308
0.0494341
0.0497374
0.0500406
0.0503439
0.0506472
0.0509505
0.0512537
0.051557
0.0518603
0.0521636
0.0524668
0.0527701
0.0530734
0.0533767
0.05368
0.0539832
0.0542865
0.0545898
0.0548931
0.0551963
0.0554996
0.0558029
0.0561062
0.0564094
0.0567127
0.057016
0.0573193
0.0576225
0.0579258
0.0582291
0.0585324
0.0588357
0.0591389
0.0594422
0.0597455
0.0600488
0.060352
0.0606553
0.0609586
0.0612619
0.0615651
0.0618684
0.0621717
0.062475
0.0627782
0.0630815
0.0633848
0.0636881
0.0639914
0.0642946
0.0645979
0.0649012
0.0652045
0.0655077
0.065811
0.0661143
0.0664176
0.0667208
0.0670241
0.0673274
0.0676307
0.0679339
0.0682372
0.0685405
0.0688438
0.0691471
0.0694503
0.0697536
0.0700569
0.0703602
0.0706634
0.0709667
0.07127
0.0715733
0.0718765
0.0721798
0.0724831
0.0727864
0.0730897
0.0733929
0.0736962
0.0739995
0.0743028
0.074606
0.0749093
0.0752126
0.0755159
0.0758191
0.0761224
0.0764257
0.076729
0.0770322
0.0773355
0.0776388
0.0779421
0.0782453
0.0785486
0.0788519
0.0791552
0.0794585
0.0797617
0.080065
0.0803683
0.0806716
0.0809748
0.0812781
0.0815814
0.0818847
0.0821879
0.0824912
0.0827945
0.0830978
0.0834011
0.0837043
0.0840076
0.0843109
0.0846142
0.0849174
0.0852207
0.085524
0.0858273
0.0861305
0.0864338
0.0867371
0.0870404
0.0873436
0.0876469
0.0879502
0.0882535
0.0885568
0.08886
0.0891633
0.0894666
0.0897699
0.0900731
0.0903764
0.0906797
0.090983
0.0912862
0.0915895
0.0918928
0.0921961
0.0924994
0.0928026
0.0931059
0.0934092
0.0937125
0.0940157
0.094319
0.0946223
0.0949256
0.0952288
0.0955321
0.0958354
0.0961387
0.0964419
0.0967452
0.0970485
0.0973518
0.0976551
0.0979583
0.0982616
0.0985649
0.0988682
0.0991714
0.0994747
0.099778
0.100081
0.100385
0.100688
0.100991
0.101294
0.101598
0.101901
0.102204
0.102507
0.102811
0.103114
0.103417
0.103721
0.104024
0.104327
0.10463
0.104934
0.105237
0.10554
0.105844
0.106147
0.10645
0.106753
0.107057
0.10736
0.107663
0.107966
0.10827
0.108573
0.108876
0.10918
0.109483
0.109786
0.110089
0.110393
0.110696
0.110999
0.111302
0.111606
0.111909
0.112212
0.112516
0.112819
0.113122
0.113425
0.113729
0.114032
0.114335
0.114639
0.114942
0.115245
0.115548
0.115852
0.116155
0.116458
0.116761
0.117065
0.117368
0.117671
0.117975
0.118278
0.118581
0.118884
0.119188
0.119491
0.119794
0.120098
0.120401
0.120704
0.121007
0.121311
0.121614
0.121917
0.12222
0.122524
0.122827
0.12313
0.123434
0.123737
0.12404
0.124343
0.124647
0.12495
0.125253
0.125556
0.12586
0.126163
0.126466
0.12677
0.127073
0.127376
0.127679
0.127983
0.128286
0.128589
0.128893
0.129196
0.129499
0.129802
0.130106
0.130409
0.130712
0.131015
0.131319
0.131622
0.131925
0.132229
0.132532
0.132835
0.133138
0.133442
0.133745
0.134048
0.134352
0.134655
0.134958
0.135261
0.135565
0.135868
0.136171
0.136474
0.136778
0.137081
0.137384
0.137688
0.137991
0.138294
0.138597
0.138901
0.139204
0.139507
0.13981
0.140114
0.140417
0.14072
0.141024
0.141327
0.14163
0.141933
0.142237
0.14254
0.142843
0.143147
0.14345
0.143753
0.144056
0.14436
0.144663
0.144966
0.145269
0.145573
0.145876
0.146179
0.146483
0.146786
0.147089
0.147392
0.147696
0.147999
0.148302
0.148606
0.148909
0.149212
0.149515
0.149819
0.150122
0.150425
0.150728
0.151032
0.151335
0.19437
0.212135
0.221635
0.22857
0.23484
0.239305
0.243485
0.247475
0.25175
0.257165
0.262485
0.26676
0.27151
0.276545
0.282055
0.2869
0.29184
0.296115
0.300105
0.30324
0.30647
0.30951
0.31255
0.315685
0.318725
0.32148
0.32395
0.32642
0.328795
0.33117
0.33345
0.335635
0.33763
0.33953
0.34124
0.34295
0.34466
0.34637
0.347985
0.3496
0.35112
0.35245
0.353875
0.35511
0.35644
0.357675
0.358815
0.359955
0.361
0.362045
0.36309
0.36423
0.365275
0.366225
0.367175
0.36822
0.36917
0.370025
0.37088
0.371735
0.372495
0.373255
0.374015
0.37468
0.37544
0.3762
0.37677
0.377435
0.3781
0.37867
0.37924
0.37981
0.38038
0.38095
0.38152
0.38209
0.38266
0.38323
0.383895
0.38437
0.38494
0.38551
0.385985
0.38646
0.38684
0.387315
0.38779
0.38817
0.388645
0.38912
0.3895
0.389975
0.390355
0.390735
0.391115
0.39159
0.391875
0.39235
0.39273
0.39311
0.393395
0.393775
0.39406
0.39444
0.394725
0.39501
0.39539
0.395675
0.396055
0.39634
0.396625
0.39691
0.397195
0.397385
0.39767
0.397955
0.39824
0.398525
0.39881
0.399
0.399285
0.399475
0.39976
0.39995
0.40014
0.400425
0.400615
0.4009
0.40109
0.401375
0.401565
0.401755
0.40204
0.40223
0.40242
0.40261
0.4028
0.40299
0.40318
0.403465
0.40356
0.403845
0.404035
0.40413
0.40432
0.40451
0.4047
0.404795
0.404985
0.405175
0.405365
0.405555
0.405745
0.405935
0.406125
0.406315
0.40641
0.4066
0.40679
0.40698
0.40717
0.40736
0.407455
0.407645
0.407835
0.40793
0.40812
0.40831
0.408405
0.408595
0.40869
0.40888
0.408975
0.409165
0.40926
0.40945
0.40964
0.40983
0.409925
0.410115
0.41021
0.4104
0.41059
0.410685
0.410875
0.411065
0.41116
0.41135
0.411445
0.411635
0.41173
0.41192
0.41211
0.412205
0.412395
0.41249
0.41268
0.41287
0.412965
0.413155
0.41325
0.41344
0.413535
0.41363
0.41382
0.41401
0.414105
0.414295
0.41439
0.41458
0.414675
0.414865
0.41496
0.415055
0.415245
0.415435
0.41553
0.41572
0.415815
0.41591
0.4161
0.416195
0.416385
0.41648
0.416575
0.41667
0.41686
0.41705
0.417145
0.417335
0.41743
0.417525
0.417715
0.41781
0.418
0.418095
0.41819
0.418285
0.418475
0.41857
0.418665
0.41876
0.41895
0.419045
0.41914
0.419235
0.41933
0.41952
0.419615
0.41971
0.419805
0.419995
0.42009
0.420185
0.42028
0.42047
0.420565
0.42066
0.420755
0.42085
0.420945
0.42104
0.421135
0.42123
0.421325
0.42142
0.42161
0.421705
0.4218
0.421895
0.42199
0.422085
0.42218
0.422275
0.42237
0.422465
0.422655
0.42275
0.422845
0.42294
0.423035
0.42313
0.423225
0.42332
0.423415
0.42351
0.423605
0.4237
0.423795
0.42389
0.423985
0.42408
0.424175
0.424175
0.42427
0.424365
0.42446
0.424555
0.42465
0.42465
0.424745
0.42484
0.424935
0.42503
0.425125
0.42522
0.425315
0.425315
0.42541
0.425505
0.4256
0.425695
0.42579
0.425885
0.42598
0.426075
0.42617
0.426265
0.42636
0.426455
0.42655
0.42655
0.426645
0.42674
0.426835
0.42693
0.427025
0.42712
0.42712
0.427215
0.42731
0.427405
0.4275
0.427595
0.42769
0.427785
0.42788
0.427975
0.427975
0.42807
0.428165
0.42826
0.428355
0.42845
0.42845
0.428545
0.42864
0.428735
0.42883
0.428925
0.428925
0.42902
0.429115
0.42921
0.429305
0.4294
0.429495
0.42959
0.429685
0.429685
0.42978
0.429875
0.42997
0.430065
0.43016
0.430255
0.43035
0.430445
0.430445
0.43054
0.430635
0.43073
0.430825
0.43092
0.431015
0.43111
0.43111
0.431205
0.4313
0.431395
0.43149
0.431585
0.43168
0.431775
0.43187
0.431965
0.43206
0.432155
0.432155
0.43225
0.432345
0.43244
0.432535
0.43263
0.432725
0.432725
0.43282
0.432915
0.43301
0.433105
0.433105
0.433295
0.43339
0.43339
0.433485
0.43358
0.433675
0.43377
0.43377
0.433865
0.43396
0.434055
0.43415
0.434245
0.43434
0.43434
0.434435
0.43453
0.434625
0.434625
0.43472
0.434815
0.43491
0.435005
0.435005
0.4351
0.435195
0.435195
0.43529
0.435385
0.43548
0.43548
0.435575
0.43567
0.43567
0.435765
0.43586
0.435955
0.435955
0.43605
0.436145
0.43624
0.436335
0.436335
0.43643
0.436525
0.43662
0.43662
0.436715
0.43681
0.436905
0.436905
0.437
0.437095
0.43719
0.43719
0.437285
0.43738
0.437475
0.437475
0.43757
0.437665
0.43776
0.43776
0.437855
0.43795
0.438045
0.438045
0.43814
0.438235
0.438235
0.43833
0.438425
0.438425
0.43852
0.438615
0.43871
0.43871
0.438805
0.438805
0.4389
0.438995
0.438995
0.43909
0.439185
0.43928
0.43928
0.439375
0.43947
0.43947
0.439565
0.43966
0.43966
0.439755
0.43985
0.439945
0.439945
0.44004
0.44004
0.440135
0.44023
0.44023
0.440325
0.44042
0.44042
0.440515
0.440515
0.44061
0.440705
0.4408
0.4408
0.440895
0.44099
0.44099
0.441085
0.44118
0.441275
0.44137
0.44137
0.441465
0.441465
0.44156
0.441655
0.44175
0.44175
0.441845
0.44194
0.44194
0.442035
0.44213
0.44213
0.442225
0.44232
0.44232
0.442415
0.44251
0.44251
0.442605
0.442605
0.4427
0.4427
0.442795
0.44289
0.44289
0.442985
0.44308
0.44308
0.443175
0.44327
0.44327
0.443365
0.443365
0.44346
0.443555
0.443555
0.44365
0.443745
0.443745
0.44384
0.44384
0.443935
0.443935
0.44403
0.444125
0.444125
0.44422
0.44422
0.444315
0.44441
0.44441
0.444505
0.4446
0.4446
0.444695
0.44479
0.44479
0.444885
0.44498
0.44498
0.445075
0.445075
0.44517
0.445265
0.445265
0.44536
0.445455
0.445455
0.44555
0.44555
0.445645
0.44574
0.44574
0.445835
0.44593
0.446025
0.446025
0.44612
0.446215
0.446215
0.44631
0.44631
0.446405
0.446405
0.4465
0.4465
0.446595
0.44669
0.44669
0.446785
0.44688
0.44688
0.446975
0.44707
0.44707
0.447165
0.447165
0.44726
0.447355
0.447355
0.44745
0.44745
0.447545
0.44764
0.44764
0.447735
0.44783
0.447925
0.447925
0.44802
0.44802
0.448115
0.44821
0.44821
0.448305
0.4484
0.4484
0.448495
0.44859
0.44859
0.448685
0.448685
0.44878
0.448875
0.448875
0.44897
0.449065
0.44916
0.44916
0.449255
0.449255
0.44935
0.449445
0.449445
0.44954
0.449635
0.449635
0.44973
0.449825
0.449825
0.44992
0.44992
0.450015
0.45011
0.45011
0.450205
0.450205
0.4503
0.450395
0.450395
0.45049
0.45049
0.450585
0.450585
0.45068
0.45068
0.450775
0.450775
0.45087
0.45087
0.450965
0.450965
0.45106
0.451155
0.451155
0.45125
0.451345
0.451345
0.45144
0.45144
0.451535
0.451535
0.45163
0.45163
0.451725
0.451725
0.45182
0.451915
0.451915
0.45201
0.45201
0.452105
0.452105
0.4522
0.4522
0.452295
0.452295
0.45239
0.45239
0.452485
0.45258
0.45258
0.452675
0.452675
0.45277
0.45277
0.452865
0.452865
0.452913
0.45296
0.45296
0.453055
0.45315
0.45315
0.453245
0.453245
0.45334
0.45334
0.453435
0.453435
0.45353
0.45353
0.453625
0.453625
0.45372
0.453815
0.453815
0.45391
0.45391
0.454005
0.454005
0.4541
0.4541
0.454195
0.454195
0.45429
0.45429
0.454385
0.454385
0.45448
0.45448
0.454575
0.454575
0.45467
0.45467
0.454765
0.454765
0.45486
0.45486
0.454955
0.45505
0.45505
0.455145
0.455145
0.45524
0.45524
0.455335
0.455335
0.45543
0.45543
0.455525
0.455525
0.455572
0.45562
0.45562
0.455715
0.45581
0.45581
0.455857
0.455905
0.455905
0.456
0.456095
0.456095
0.45619
0.45619
0.456285
0.456285
0.45638
0.45638
0.456428
0.456475
0.456475
0.45657
0.45657
0.456665
0.456665
0.456712
0.45676
0.45676
0.456855
0.456855
0.45695
0.45695
0.457045
0.457045
0.457092
0.45714
0.45714
0.457235
0.457235
0.45733
0.45733
0.457425
0.457425
0.45752
0.45752
0.457615
0.457615
0.457663
0.45771
0.45771
0.457805
0.457805
0.4579
0.4579
0.457995
0.457995
0.45809
0.45809
0.458185
0.458185
0.45828
0.45828
0.458375
0.458375
0.45847
0.45847
0.458565
0.458565
0.45866
0.45866
0.458755
0.458755
0.45885
0.45885
0.458945
0.458945
0.458993
0.45904
0.459135
0.459135
0.45923
0.45923
0.459278
0.459325
0.459325
0.45942
0.45942
0.459515
0.459515
0.45961
0.45961
0.459657
0.459705
0.459705
0.459753
0.4598
0.4598
0.459895
0.459895
0.459943
0.45999
0.45999
0.460085
0.460085
0.46018
0.46018
0.460275
0.460275
0.46037
0.46037
0.460418
0.460465
0.460465
0.46056
0.46056
0.460655
0.460655
0.46075
0.46075
0.460797
0.460845
0.460845
0.46094
0.46094
0.461035
0.461035
0.461083
0.46113
0.46113
0.461225
0.461225
0.461272
0.46132
0.46132
0.461415
0.461415
0.461462
0.46151
0.46151
0.461605
0.461605
0.4617
0.4617
0.461747
0.461795
0.461795
0.46189
0.46189
0.461937
0.461985
0.461985
0.46208
0.46208
0.462175
0.462175
0.462223
0.46227
0.46227
0.462365
0.462365
0.462412
0.46246
0.46246
0.462555
0.462555
0.46265
0.46265
0.462698
0.462745
0.462745
0.46284
0.46284
0.462935
0.462935
0.462982
0.46303
0.46303
0.463125
0.463125
0.46322
0.46322
0.463315
0.463315
0.463362
0.46341
0.46341
0.463457
0.463505
0.463505
0.463553
0.4636
0.4636
0.463647
0.463695
0.463695
0.46379
0.46379
0.463838
0.463885
0.463885
0.46398
0.46398
0.464028
0.464075
0.464075
0.46417
0.46417
0.464217
0.464265
0.464265
0.464312
0.46436
0.46436
0.464408
0.464455
0.464455
0.46455
0.46455
0.464597
0.464645
0.464645
0.464693
0.46474
0.46474
0.464772
0.464803
0.464835
0.464835
0.464882
0.46493
0.46493
0.464978
0.465025
0.465025
0.465073
0.46512
0.46512
0.465168
0.465215
0.465215
0.46531
0.46531
0.465357
0.465405
0.465405
0.4655
0.4655
0.465548
0.465595
0.465595
0.465643
0.46569
0.46569
0.465738
0.465785
0.465785
0.46588
0.46588
0.465927
0.465975
0.465975
0.466022
0.46607
0.46607
0.466165
0.466165
0.466213
0.46626
0.46626
0.466307
0.466355
0.466355
0.466403
0.46645
0.46645
0.466498
0.466545
0.466545
0.466592
0.46664
0.46664
0.466672
0.466703
0.466735
0.466735
0.46683
0.46683
0.466878
0.466925
0.466925
0.466973
0.46702
0.46702
0.467052
0.467083
0.467115
0.467115
0.467162
0.46721
0.46721
0.467257
0.467305
0.467305
0.467353
0.4674
0.4674
0.467495
0.467495
0.467542
0.46759
0.46759
0.467637
0.467685
0.467685
0.46778
0.46778
0.467827
0.467875
0.467875
0.467923
0.46797
0.46797
0.468065
0.468065
0.468113
0.46816
0.46816
0.468208
0.468255
0.468255
0.468302
0.46835
0.46835
0.468397
0.468445
0.468445
0.46854
0.46854
0.468588
0.468635
0.468635
0.468682
0.46873
0.46873
0.468825
0.468825
0.468857
0.468888
0.46892
0.46892
0.469015
0.469015
0.469063
0.46911
0.46911
0.469158
0.469205
0.469205
0.4693
0.4693
0.469348
0.469395
0.469395
0.46949
0.46949
0.469537
0.469585
0.469585
0.469633
0.46968
0.46968
0.469775
0.469775
0.469823
0.46987
0.46987
0.469918
0.469965
0.469965
0.470012
0.47006
0.47006
0.470107
0.470155
0.470155
0.47025
0.47025
0.470298
0.470345
0.470345
0.470392
0.47044
0.47044
0.470487
0.470535
0.470535
0.470582
0.47063
0.47063
0.470677
0.470725
0.470725
0.47082
0.47082
0.470867
0.470915
0.470915
0.470962
0.47101
0.47101
0.471042
0.471073
0.471105
0.471105
0.471152
0.4712
0.4712
0.471247
0.471295
0.471295
0.471343
0.47139
0.47139
0.471438
0.471485
0.471485
0.471533
0.47158
0.47158
0.471627
0.471675
0.471675
0.471722
0.47177
0.47177
0.471817
0.471865
0.471865
0.471913
0.47196
0.47196
0.472055
0.472055
0.472102
0.47215
0.47215
0.472198
0.472245
0.472245
0.472293
0.47234
0.47234
0.472387
0.472435
0.472435
0.47253
0.47253
0.472578
0.472625
0.472625
0.472657
0.472688
0.47272
0.47272
0.472768
0.472815
0.472815
0.47291
0.47291
0.472957
0.473005
0.473005
0.473053
0.4731
0.4731
0.473195
0.473195
0.473227
0.473258
0.47329
0.47329
0.473337
0.473385
0.473385
0.473432
0.47348
0.47348
0.473527
0.473575
0.473575
0.473623
0.47367
0.47367
0.473718
0.473765
0.473765
0.473797
0.473828
0.47386
0.47386
0.473908
0.473955
0.473955
0.473987
0.474018
0.47405
0.47405
0.474097
0.474145
0.474145
0.474193
0.47424
0.47424
0.474335
0.474335
0.474383
0.47443
0.47443
0.474477
0.474525
0.474525
0.474572
0.47462
0.47462
0.474667
0.474715
0.474715
0.474762
0.47481
0.47481
0.474842
0.474873
0.474905
0.474905
0.475
0.475
0.475047
0.475095
0.475095
0.475127
0.475158
0.47519
0.47519
0.475237
0.475285
0.475285
0.475332
0.47538
0.47538
0.475428
0.475475
0.475475
0.475507
0.475538
0.47557
0.47557
0.475602
0.475633
0.475665
0.475665
0.475713
0.47576
0.47576
0.475807
0.475855
0.475855
0.475902
0.47595
0.47595
0.475998
0.476045
0.476045
0.476077
0.476108
0.47614
0.47614
0.476235
0.476235
0.476282
0.47633
0.47633
0.476377
0.476425
0.476425
0.476473
0.47652
0.47652
0.476568
0.476615
0.476615
0.476647
0.476678
0.47671
0.47671
0.476758
0.476805
0.476805
0.476853
0.4769
0.4769
0.476932
0.476963
0.476995
0.476995
0.47709
0.47709
0.477122
0.477153
0.477185
0.477185
0.47728
0.47728
0.477312
0.477343
0.477375
0.477375
0.477423
0.47747
0.47747
0.477565
0.477565
0.477612
0.47766
0.47766
0.477692
0.477723
0.477755
0.477755
0.477803
0.47785
0.47785
0.477897
0.477945
0.477945
0.477977
0.478008
0.47804
0.47804
0.478087
0.478135
0.478135
0.478183
0.47823
0.47823
0.478278
0.478325
0.478325
0.478357
0.478388
0.47842
0.47842
0.478468
0.478515
0.478515
0.478547
0.478578
0.47861
0.47861
0.478657
0.478705
0.478705
0.478752
0.4788
0.4788
0.478832
0.478863
0.478895
0.478895
0.478943
0.47899
0.47899
0.479085
0.479085
0.479133
0.47918
0.47918
0.479227
0.479275
0.479275
0.47937
0.47937
0.479418
0.479465
0.479465
0.479513
0.47956
0.47956
0.479607
0.479655
0.479655
0.479702
0.47975
0.47975
0.479798
0.479845
0.479845
0.47994
0.47994
0.479972
0.480003
0.480035
0.480035
0.480083
0.48013
0.48013
0.480178
0.480225
0.480225
0.480257
0.480288
0.48032
0.48032
0.480415
0.480415
0.480462
0.48051
0.48051
0.480558
0.480605
0.480605
0.480637
0.480668
0.4807
0.4807
0.480795
0.480795
0.480843
0.48089
0.48089
0.480937
0.480985
0.480985
0.481017
0.481048
0.48108
0.48108
0.481128
0.481175
0.481175
0.481223
0.48127
0.48127
0.481317
0.481365
0.481365
0.481397
0.481428
0.48146
0.48146
0.481492
0.481523
0.481555
0.481555
0.481587
0.481618
0.48165
0.48165
0.481745
0.481745
0.481777
0.481808
0.48184
0.48184
0.481935
0.481935
0.481982
0.48203
0.48203
0.482062
0.482093
0.482125
0.482125
0.482172
0.48222
0.48222
0.482267
0.482315
0.482315
0.482347
0.482378
0.48241
0.48241
0.482457
0.482505
0.482505
0.482537
0.482568
0.4826
0.4826
0.482647
0.482695
0.482695
0.482742
0.48279
0.48279
0.482822
0.482853
0.482885
0.482885
0.482933
0.48298
0.48298
0.483028
0.483075
0.483075
0.483107
0.483138
0.48317
0.48317
0.483202
0.483233
0.483265
0.483265
0.483313
0.48336
0.48336
0.483407
0.483455
0.483455
0.483503
0.48355
0.48355
0.483598
0.483645
0.483645
0.483677
0.483708
0.48374
0.48374
0.483772
0.483803
0.483835
0.483835
0.483882
0.48393
0.48393
0.483962
0.483993
0.484025
0.484025
0.484073
0.48412
0.48412
0.484167
0.484215
0.484215
0.484247
0.484278
0.48431
0.48431
0.484358
0.484405
0.484405
0.484452
0.4845
0.4845
0.484524
0.484547
0.484571
0.484595
0.484595
0.484643
0.48469
0.48469
0.484722
0.484753
0.484785
0.484785
0.484817
0.484848
0.48488
0.48488
0.484912
0.484943
0.484975
0.484975
0.485022
0.48507
0.48507
0.485165
0.485165
0.485213
0.48526
0.48526
0.485292
0.485323
0.485355
0.485355
0.485402
0.48545
0.48545
0.485482
0.485513
0.485545
0.485545
0.48564
0.48564
0.485688
0.485735
0.485735
0.485767
0.485798
0.48583
0.48583
0.485862
0.485893
0.485925
0.485925
0.48602
0.48602
0.486052
0.486083
0.486115
0.486115
0.486162
0.48621
0.48621
0.486257
0.486305
0.486305
0.486353
0.4864
0.4864
0.486432
0.486463
0.486495
0.486495
0.486527
0.486558
0.48659
0.48659
0.486622
0.486653
0.486685
0.486685
0.486732
0.48678
0.48678
0.486812
0.486843
0.486875
0.486875
0.486907
0.486938
0.48697
0.48697
0.487002
0.487033
0.487065
0.487065
0.487097
0.487128
0.48716
0.48716
0.487192
0.487223
0.487255
0.487255
0.487303
0.48735
0.48735
0.487374
0.487398
0.487421
0.487445
0.487445
0.487477
0.487508
0.48754
0.48754
0.487588
0.487635
0.487635
0.487659
0.487683
0.487706
0.48773
0.48773
0.487762
0.487793
0.487825
0.487825
0.487872
0.48792
0.48792
0.487952
0.487983
0.488015
0.488015
0.488047
0.488078
0.48811
0.48811
0.488142
0.488173
0.488205
0.488205
0.488237
0.488268
0.4883
0.4883
0.488332
0.488363
0.488395
0.488395
0.488427
0.488458
0.48849
0.48849
0.488537
0.488585
0.488585
0.488617
0.488648
0.48868
0.48868
0.488728
0.488775
0.488775
0.488807
0.488838
0.48887
0.48887
0.488917
0.488965
0.488965
0.488997
0.489028
0.48906
0.48906
0.489092
0.489123
0.489155
0.489155
0.489202
0.48925
0.48925
0.489282
0.489313
0.489345
0.489345
0.489393
0.48944
0.48944
0.489472
0.489503
0.489535
0.489535
0.489582
0.48963
0.48963
0.489662
0.489693
0.489725
0.489725
0.489772
0.48982
0.48982
0.489868
0.489915
0.489915
0.489947
0.489978
0.49001
0.49001
0.490057
0.490105
0.490105
0.490152
0.4902
0.4902
0.490232
0.490263
0.490295
0.490295
0.490342
0.49039
0.49039
0.490438
0.490485
0.490485
0.490517
0.490548
0.49058
0.49058
0.490627
0.490675
0.490675
0.490707
0.490738
0.49077
0.49077
0.490818
0.490865
0.490865
0.490897
0.490928
0.49096
0.49096
0.490992
0.491023
0.491055
0.491055
0.491087
0.491118
0.49115
0.49115
0.491182
0.491213
0.491245
0.491245
0.491277
0.491308
0.49134
0.49134
0.491435
0.491435
0.491483
0.49153
0.49153
0.491578
0.491625
0.491625
0.491672
0.49172
0.49172
0.491752
0.491783
0.491815
0.491815
0.491847
0.491878
0.49191
0.49191
0.491957
0.492005
0.492005
0.492037
0.492068
0.4921
0.4921
0.492148
0.492195
0.492195
0.492227
0.492258
0.49229
0.49229
0.492337
0.492385
0.492385
0.492433
0.49248
0.49248
0.492512
0.492543
0.492575
0.492575
0.492607
0.492638
0.49267
0.49267
0.492694
0.492718
0.492741
0.492765
0.492765
0.492797
0.492828
0.49286
0.49286
0.492907
0.492955
0.492955
0.492987
0.493018
0.49305
0.49305
0.493082
0.493113
0.493145
0.493145
0.493193
0.49324
0.49324
0.493272
0.493303
0.493335
0.493335
0.493367
0.493398
0.49343
0.49343
0.493462
0.493493
0.493525
0.493525
0.49362
0.49362
0.493667
0.493715
0.493715
0.493747
0.493778
0.49381
0.49381
0.493842
0.493873
0.493905
0.493905
0.493937
0.493968
0.494
0.494
0.494024
0.494047
0.494071
0.494095
0.494095
0.494143
0.49419
0.49419
0.494222
0.494253
0.494285
0.494285
0.494332
0.49438
0.49438
0.494412
0.494443
0.494475
0.494475
0.494523
0.49457
0.49457
0.494594
0.494617
0.494641
0.494665
0.494665
0.494712
0.49476
0.49476
0.494808
0.494855
0.494855
0.494903
0.49495
0.49495
0.494982
0.495013
0.495045
0.495045
0.495077
0.495108
0.49514
0.49514
0.495172
0.495203
0.495235
0.495235
0.495267
0.495298
0.49533
0.49533
0.495362
0.495393
0.495425
0.495425
0.495457
0.495488
0.49552
0.49552
0.495568
0.495615
0.495615
0.495647
0.495678
0.49571
0.49571
0.495757
0.495805
0.495805
0.495837
0.495868
0.4959
0.4959
0.495932
0.495963
0.495995
0.495995
0.496019
0.496042
0.496066
0.49609
0.49609
0.496137
0.496185
0.496185
0.496217
0.496248
0.49628
0.49628
0.496327
0.496375
0.496375
0.496422
0.49647
0.49647
0.496502
0.496533
0.496565
0.496565
0.496597
0.496628
0.49666
0.49666
0.496707
0.496755
0.496755
0.496787
0.496818
0.49685
0.49685
0.496898
0.496945
0.496945
0.496969
0.496992
0.497016
0.49704
0.49704
0.497087
0.497135
0.497135
0.497182
0.49723
0.49723
0.497277
0.497325
0.497325
0.497373
0.49742
0.49742
0.497452
0.497483
0.497515
0.497515
0.497562
0.49761
0.49761
0.497657
0.497705
0.497705
0.497752
0.4978
0.4978
0.497847
0.497895
0.497895
0.497927
0.497958
0.49799
0.49799
0.498038
0.498085
0.498085
0.498117
0.498148
0.49818
0.49818
0.498228
0.498275
0.498275
0.498323
0.49837
0.49837
0.498402
0.498433
0.498465
0.498465
0.498513
0.49856
0.49856
0.498592
0.498623
0.498655
0.498655
0.498702
0.49875
0.49875
0.498797
0.498845
0.498845
0.498877
0.498908
0.49894
0.49894
0.498972
0.499003
0.499035
0.499035
0.499083
0.49913
0.49913
0.499177
0.499225
0.499225
0.499257
0.499288
0.49932
0.49932
0.499352
0.499383
0.499415
0.499415
0.499447
0.499478
0.49951
0.49951
0.499542
0.499573
0.499605
0.499605
0.499653
0.4997
0.4997
0.499732
0.499763
0.499795
0.499795
0.499819
0.499842
0.499866
0.49989
0.49989
0.499938
0.499985
0.499985
0.500033
0.50008
0.50008
0.500112
0.500143
0.500175
0.500175
0.500207
0.500238
0.50027
0.50027
0.500318
0.500365
0.500365
0.500412
0.50046
0.50046
0.500492
0.500523
0.500555
0.500555
0.500602
0.50065
0.50065
0.500697
0.500745
0.500745
0.500769
0.500793
0.500816
0.50084
0.50084
0.500872
0.500903
0.500935
0.500935
0.500967
0.500998
0.50103
0.50103
0.501078
0.501125
0.501125
0.501157
0.501188
0.50122
0.50122
0.501267
0.501315
0.501315
0.501347
0.501378
0.50141
0.50141
0.501457
0.501505
0.501505
0.501537
0.501568
0.5016
0.5016
0.501632
0.501663
0.501695
0.501695
0.501727
0.501758
0.50179
0.50179
0.501837
0.501885
0.501885
0.501933
0.50198
0.50198
0.502028
0.502075
0.502075
0.502107
0.502138
0.50217
0.50217
0.502217
0.502265
0.502265
0.502297
0.502328
0.50236
0.50236
0.502392
0.502423
0.502455
0.502455
0.502503
0.50255
0.50255
0.502582
0.502613
0.502645
0.502645
0.502677
0.502708
0.50274
0.50274
0.502772
0.502803
0.502835
0.502835
0.502867
0.502898
0.50293
0.50293
0.502977
0.503025
0.503025
0.503073
0.50312
0.50312
0.503152
0.503183
0.503215
0.503215
0.503247
0.503278
0.50331
0.50331
0.503358
0.503405
0.503405
0.503437
0.503468
0.5035
0.5035
0.503547
0.503595
0.503595
0.503619
0.503642
0.503666
0.50369
0.50369
0.503738
0.503785
0.503785
0.503832
0.50388
0.50388
0.503912
0.503943
0.503975
0.503975
0.504022
0.50407
0.50407
0.504102
0.504133
0.504165
0.504165
0.504212
0.50426
0.50426
0.504308
0.504355
0.504355
0.504387
0.504418
0.50445
0.50445
0.504498
0.504545
0.504545
0.504592
0.50464
0.50464
0.504687
0.504735
0.504735
0.504767
0.504798
0.50483
0.50483
0.504878
0.504925
0.504925
0.504973
0.50502
0.50502
0.505068
0.505115
0.505115
0.505147
0.505178
0.50521
0.50521
0.505242
0.505273
0.505305
0.505305
0.505352
0.5054
0.5054
0.505448
0.505495
0.505495
0.505527
0.505558
0.50559
0.50559
0.505622
0.505653
0.505685
0.505685
0.505732
0.50578
0.50578
0.505828
0.505875
0.505875
0.505907
0.505938
0.50597
0.50597
0.506002
0.506033
0.506065
0.506065
0.506097
0.506128
0.50616
0.50616
0.506192
0.506223
0.506255
0.506255
0.506302
0.50635
0.50635
0.506382
0.506413
0.506445
0.506445
0.506477
0.506508
0.50654
0.50654
0.506588
0.506635
0.506635
0.506683
0.50673
0.50673
0.506762
0.506793
0.506825
0.506825
0.506857
0.506888
0.50692
0.50692
0.506967
0.507015
0.507015
0.507062
0.50711
0.50711
0.507158
0.507205
0.507205
0.507252
0.5073
0.5073
0.507332
0.507363
0.507395
0.507395
0.507427
0.507458
0.50749
0.50749
0.507538
0.507585
0.507585
0.507632
0.50768
0.50768
0.507728
0.507775
0.507775
0.507807
0.507838
0.50787
0.50787
0.507918
0.507965
0.507965
0.507997
0.508028
0.50806
0.50806
0.508107
0.508155
0.508155
0.508187
0.508218
0.50825
0.50825
0.508298
0.508345
0.508345
0.508377
0.508408
0.50844
0.50844
0.508488
0.508535
0.508535
0.508567
0.508598
0.50863
0.50863
0.508654
0.508677
0.508701
0.508725
0.508725
0.508772
0.50882
0.50882
0.508868
0.508915
0.508915
0.508947
0.508978
0.50901
0.50901
0.509042
0.509073
0.509105
0.509105
0.509153
0.5092
0.5092
0.509248
0.509295
0.509295
0.509342
0.50939
0.50939
0.509422
0.509453
0.509485
0.509485
0.509533
0.50958
0.50958
0.509612
0.509643
0.509675
0.509675
0.509707
0.509738
0.50977
0.50977
0.509817
0.509865
0.509865
0.509912
0.50996
0.50996
0.510008
0.510055
0.510055
0.51015
0.51015
0.510245
0.510245
0.510277
0.510308
0.51034
0.51034
0.510387
0.510435
0.510435
0.510467
0.510498
0.51053
0.51053
0.510577
0.510625
0.510625
0.51072
0.51072
0.510752
0.510783
0.510815
0.510815
0.510847
0.510878
0.51091
0.51091
0.510957
0.511005
0.511005
0.511052
0.5111
0.5111
0.511147
0.511195
0.511195
0.511227
0.511258
0.51129
0.51129
0.511322
0.511353
0.511385
0.511385
0.511417
0.511448
0.51148
0.51148
0.511575
0.511575
0.511607
0.511638
0.51167
0.51167
0.511718
0.511765
0.511765
0.511813
0.51186
0.51186
0.511908
0.511955
0.511955
0.512002
0.51205
0.51205
0.512082
0.512113
0.512145
0.512145
0.512177
0.512208
0.51224
0.51224
0.512287
0.512335
0.512335
0.512367
0.512398
0.51243
0.51243
0.512478
0.512525
0.512525
0.512573
0.51262
0.51262
0.512652
0.512683
0.512715
0.512715
0.512747
0.512778
0.51281
0.51281
0.512857
0.512905
0.512905
0.512937
0.512968
0.513
0.513
0.513024
0.513047
0.513071
0.513095
0.513095
0.513142
0.51319
0.51319
0.513222
0.513253
0.513285
0.513285
0.513317
0.513348
0.51338
0.51338
0.513412
0.513443
0.513475
0.513475
0.513507
0.513538
0.51357
0.51357
0.513618
0.513665
0.513665
0.513713
0.51376
0.51376
0.513807
0.513855
0.513855
0.513902
0.51395
0.51395
0.513982
0.514013
0.514045
0.514045
0.514093
0.51414
0.51414
0.514172
0.514203
0.514235
0.514235
0.514283
0.51433
0.51433
0.514362
0.514393
0.514425
0.514425
0.514472
0.51452
0.51452
0.514567
0.514615
0.514615
0.514647
0.514678
0.51471
0.51471
0.514742
0.514773
0.514805
0.514805
0.514852
0.5149
0.5149
0.514948
0.514995
0.514995
0.515027
0.515058
0.51509
0.51509
0.515122
0.515153
0.515185
0.515185
0.515233
0.51528
0.51528
0.515312
0.515343
0.515375
0.515375
0.515422
0.51547
0.51547
0.515502
0.515533
0.515565
0.515565
0.515597
0.515628
0.51566
0.51566
0.515707
0.515755
0.515755
0.515787
0.515818
0.51585
0.51585
0.515898
0.515945
0.515945
0.515977
0.516008
0.51604
0.51604
0.516088
0.516135
0.516135
0.516182
0.51623
0.51623
0.516262
0.516293
0.516325
0.516325
0.51642
0.51642
0.516452
0.516483
0.516515
0.516515
0.516562
0.51661
0.51661
0.516658
0.516705
0.516705
0.516737
0.516768
0.5168
0.5168
0.516847
0.516895
0.516895
0.516943
0.51699
0.51699
0.517038
0.517085
0.517085
0.517133
0.51718
0.51718
0.517227
0.517275
0.517275
0.517322
0.51737
0.51737
0.517402
0.517433
0.517465
0.517465
0.517497
0.517528
0.51756
0.51756
0.517592
0.517623
0.517655
0.517655
0.517703
0.51775
0.51775
0.517797
0.517845
0.517845
0.51794
0.51794
0.517972
0.518003
0.518035
0.518035
0.51813
0.51813
0.518178
0.518225
0.518225
0.518257
0.518288
0.51832
0.51832
0.518368
0.518415
0.518415
0.51851
0.51851
0.518557
0.518605
0.518605
0.518637
0.518668
0.5187
0.5187
0.518748
0.518795
0.518795
0.518842
0.51889
0.51889
0.518922
0.518953
0.518985
0.518985
0.519032
0.51908
0.51908
0.519112
0.519143
0.519175
0.519175
0.519222
0.51927
0.51927
0.519302
0.519333
0.519365
0.519365
0.519397
0.519428
0.51946
0.51946
0.519555
0.519555
0.519587
0.519618
0.51965
0.51965
0.519697
0.519745
0.519745
0.519792
0.51984
0.51984
0.519888
0.519935
0.519935
0.519967
0.519998
0.52003
0.52003
0.520078
0.520125
0.520125
0.520172
0.52022
0.52022
0.520267
0.520315
0.520315
0.520347
0.520378
0.52041
0.52041
0.520458
0.520505
0.520505
0.520553
0.5206
0.5206
0.520632
0.520663
0.520695
0.520695
0.520742
0.52079
0.52079
0.520838
0.520885
0.520885
0.520933
0.52098
0.52098
0.521028
0.521075
0.521075
0.521107
0.521138
0.52117
0.52117
0.521217
0.521265
0.521265
0.521297
0.521328
0.52136
0.52136
0.521407
0.521455
0.521455
0.521487
0.521518
0.52155
0.52155
0.521582
0.521613
0.521645
0.521645
0.521677
0.521708
0.52174
0.52174
0.521788
0.521835
0.521835
0.521883
0.52193
0.52193
0.521962
0.521993
0.522025
0.522025
0.522057
0.522088
0.52212
0.52212
0.522152
0.522183
0.522215
0.522215
0.522262
0.52231
0.52231
0.522357
0.522405
0.522405
0.522429
0.522452
0.522476
0.5225
0.5225
0.522548
0.522595
0.522595
0.522627
0.522658
0.52269
0.52269
0.522722
0.522753
0.522785
0.522785
0.522833
0.52288
0.52288
0.522928
0.522975
0.522975
0.523007
0.523038
0.52307
0.52307
0.523117
0.523165
0.523165
0.523197
0.523228
0.52326
0.52326
0.523308
0.523355
0.523355
0.523403
0.52345
0.52345
0.523498
0.523545
0.523545
0.523592
0.52364
0.52364
0.523672
0.523703
0.523735
0.523735
0.523782
0.52383
0.52383
0.523878
0.523925
0.523925
0.523957
0.523988
0.52402
0.52402
0.524067
0.524115
0.524115
0.524163
0.52421
0.52421
0.524258
0.524305
0.524305
0.524353
0.5244
0.5244
0.524448
0.524495
0.524495
0.524527
0.524558
0.52459
0.52459
0.524685
0.524685
0.524717
0.524748
0.52478
0.52478
0.524827
0.524875
0.524875
0.52497
0.52497
0.525017
0.525065
0.525065
0.525113
0.52516
0.52516
0.525208
0.525255
0.525255
0.525303
0.52535
0.52535
0.525397
0.525445
0.525445
0.525477
0.525508
0.52554
0.52554
0.525635
0.525635
0.525682
0.52573
0.52573
0.525762
0.525793
0.525825
0.525825
0.525873
0.52592
0.52592
0.525967
0.526015
0.526015
0.526062
0.52611
0.52611
0.526157
0.526205
0.526205
0.526253
0.5263
0.5263
0.526332
0.526363
0.526395
0.526395
0.52649
0.52649
0.526537
0.526585
0.526585
0.526633
0.52668
0.52668
0.526712
0.526743
0.526775
0.526775
0.52687
0.52687
0.526918
0.526965
0.526965
0.526997
0.527028
0.52706
0.52706
0.527107
0.527155
0.527155
0.527202
0.52725
0.52725
0.527297
0.527345
0.527345
0.52744
0.52744
0.527488
0.527535
0.527535
0.527583
0.52763
0.52763
0.527725
0.527725
0.527772
0.52782
0.52782
0.527867
0.527915
0.527915
0.527963
0.52801
0.52801
0.528105
0.528105
0.528137
0.528168
0.5282
0.5282
0.528247
0.528295
0.528295
0.528327
0.528358
0.52839
0.52839
0.528437
0.528485
0.528485
0.528533
0.52858
0.52858
0.528612
0.528643
0.528675
0.528675
0.528707
0.528738
0.52877
0.52877
0.528865
0.528865
0.528897
0.528928
0.52896
0.52896
0.529007
0.529055
0.529055
0.529103
0.52915
0.52915
0.529198
0.529245
0.529245
0.52934
0.52934
0.529387
0.529435
0.529435
0.529467
0.529498
0.52953
0.52953
0.529625
0.529625
0.529657
0.529688
0.52972
0.52972
0.529815
0.529815
0.529847
0.529878
0.52991
0.52991
0.529958
0.530005
0.530005
0.530053
0.5301
0.5301
0.530148
0.530195
0.530195
0.530243
0.53029
0.53029
0.530338
0.530385
0.530385
0.530417
0.530448
0.53048
0.53048
0.530575
0.530575
0.530622
0.53067
0.53067
0.530717
0.530765
0.530765
0.530813
0.53086
0.53086
0.530908
0.530955
0.530955
0.531003
0.53105
0.53105
0.531098
0.531145
0.531145
0.531192
0.53124
0.53124
0.531287
0.531335
0.531335
0.531367
0.531398
0.53143
0.53143
0.531477
0.531525
0.531525
0.531572
0.53162
0.53162
0.531668
0.531715
0.531715
0.531763
0.53181
0.53181
0.531905
0.531905
0.531937
0.531968
0.532
0.532
0.532048
0.532095
0.532095
0.53219
0.53219
0.532237
0.532285
0.532285
0.532332
0.53238
0.53238
0.532427
0.532475
0.532475
0.532522
0.53257
0.53257
0.532665
0.532665
0.532713
0.53276
0.53276
0.532807
0.532855
0.532855
0.532902
0.53295
0.53295
0.532997
0.533045
0.533045
0.533092
0.53314
0.53314
0.533188
0.533235
0.533235
0.533283
0.53333
0.53333
0.533378
0.533425
0.533425
0.533473
0.53352
0.53352
0.533552
0.533583
0.533615
0.533615
0.533662
0.53371
0.53371
0.533758
0.533805
0.533805
0.533837
0.533868
0.5339
0.5339
0.533932
0.533963
0.533995
0.533995
0.534042
0.53409
0.53409
0.534122
0.534153
0.534185
0.534185
0.534232
0.53428
0.53428
0.534312
0.534343
0.534375
0.534375
0.534423
0.53447
0.53447
0.534518
0.534565
0.534565
0.534597
0.534628
0.53466
0.53466
0.534692
0.534723
0.534755
0.534755
0.534787
0.534818
0.53485
0.53485
0.534882
0.534913
0.534945
0.534945
0.534993
0.53504
0.53504
0.535072
0.535103
0.535135
0.535135
0.535167
0.535198
0.53523
0.53523
0.535277
0.535325
0.535325
0.535357
0.535388
0.53542
0.53542
0.535468
0.535515
0.535515
0.535563
0.53561
0.53561
0.535642
0.535673
0.535705
0.535705
0.535752
0.5358
0.5358
0.535832
0.535863
0.535895
0.535895
0.535943
0.53599
0.53599
0.536022
0.536053
0.536085
0.536085
0.536133
0.53618
0.53618
0.536212
0.536243
0.536275
0.536275
0.53637
0.53637
0.536402
0.536433
0.536465
0.536465
0.536512
0.53656
0.53656
0.536584
0.536608
0.536631
0.536655
0.536655
0.536703
0.53675
0.53675
0.536845
0.536845
0.536877
0.536908
0.53694
0.53694
0.536987
0.537035
0.537035
0.537082
0.53713
0.53713
0.537178
0.537225
0.537225
0.537272
0.53732
0.53732
0.537352
0.537383
0.537415
0.537415
0.537462
0.53751
0.53751
0.537542
0.537573
0.537605
0.537605
0.537652
0.5377
0.5377
0.537748
0.537795
0.537795
0.537843
0.53789
0.53789
0.537938
0.537985
0.537985
0.538017
0.538048
0.53808
0.53808
0.538127
0.538175
0.538175
0.538222
0.53827
0.53827
0.538318
0.538365
0.538365
0.538413
0.53846
0.53846
0.538492
0.538523
0.538555
0.538555
0.538602
0.53865
0.53865
0.538697
0.538745
0.538745
0.538792
0.53884
0.53884
0.538888
0.538935
0.538935
0.538983
0.53903
0.53903
0.539062
0.539093
0.539125
0.539125
0.539173
0.53922
0.53922
0.539268
0.539315
0.539315
0.539347
0.539378
0.53941
0.53941
0.539505
0.539505
0.539537
0.539568
0.5396
0.5396
0.539647
0.539695
0.539695
0.539719
0.539742
0.539766
0.53979
0.53979
0.539837
0.539885
0.539885
0.539932
0.53998
0.53998
0.540012
0.540043
0.540075
0.540075
0.54017
0.54017
0.540218
0.540265
0.540265
0.540313
0.54036
0.54036
0.540407
0.540455
0.540455
0.540502
0.54055
0.54055
0.540597
0.540645
0.540645
0.540692
0.54074
0.54074
0.540835
0.540835
0.540883
0.54093
0.54093
0.541025
0.541025
0.541072
0.54112
0.54112
0.541215
0.541215
0.541263
0.54131
0.54131
0.541405
0.541405
0.5415
0.5415
0.541547
0.541595
0.541595
0.54169
0.54169
0.541738
0.541785
0.541785
0.541833
0.54188
0.54188
0.541928
0.541975
0.541975
0.542022
0.54207
0.54207
0.542165
0.542165
0.54226
0.54226
0.542307
0.542355
0.542355
0.54245
0.54245
0.542498
0.542545
0.542545
0.54264
0.54264
0.542735
0.542735
0.542783
0.54283
0.54283
0.542877
0.542925
0.542925
0.54302
0.54302
0.543052
0.543083
0.543115
0.543115
0.543162
0.54321
0.54321
0.543305
0.543305
0.543337
0.543368
0.5434
0.5434
0.543495
0.543495
0.543543
0.54359
0.54359
0.543685
0.543685
0.543733
0.54378
0.54378
0.543827
0.543875
0.543875
0.543922
0.54397
0.54397
0.544065
0.544065
0.544113
0.54416
0.54416
0.544208
0.544255
0.544255
0.54435
0.54435
0.544397
0.544445
0.544445
0.54454
0.54454
0.544635
0.544635
0.544667
0.544698
0.54473
0.54473
0.544825
0.544825
0.544857
0.544888
0.54492
0.54492
0.545015
0.545015
0.545063
0.54511
0.54511
0.545205
0.545205
0.545253
0.5453
0.5453
0.545395
0.545395
0.545427
0.545458
0.54549
0.54549
0.545537
0.545585
0.545585
0.54568
0.54568
0.545727
0.545775
0.545775
0.545823
0.54587
0.54587
0.545918
0.545965
0.545965
0.54606
0.54606
0.546108
0.546155
0.546155
0.546202
0.54625
0.546345
0.546345
0.546377
0.546408
0.54644
0.54644
0.546535
0.546535
0.546582
0.54663
0.54663
0.546678
0.546725
0.546725
0.546773
0.54682
0.54682
0.546915
0.546915
0.54701
0.54701
0.547058
0.547105
0.547105
0.547153
0.5472
0.5472
0.547247
0.547295
0.547295
0.54739
0.54739
0.547485
0.547485
0.54758
0.54758
0.547628
0.547675
0.547675
0.547707
0.547738
0.54777
0.54777
0.547865
0.547865
0.547912
0.54796
0.54796
0.547992
0.548023
0.548055
0.548055
0.54815
0.54815
0.548182
0.548213
0.548245
0.548245
0.548293
0.54834
0.54834
0.548388
0.548435
0.548435
0.548467
0.548498
0.54853
0.54853
0.548578
0.548625
0.548625
0.548672
0.54872
0.54872
0.548768
0.548815
0.548815
0.548847
0.548878
0.54891
0.54891
0.548957
0.549005
0.549005
0.549037
0.549068
0.5491
0.5491
0.549132
0.549163
0.549195
0.549195
0.549242
0.54929
0.54929
0.549322
0.549353
0.549385
0.549385
0.549433
0.54948
0.54948
0.549528
0.549575
0.549575
0.549622
0.54967
0.54967
0.549717
0.549765
0.549765
0.54986
0.54986
0.549908
0.549955
0.549955
0.55005
0.55005
0.550098
0.550145
0.550145
0.55024
0.55024
0.550287
0.550335
0.550335
0.550382
0.55043
0.55043
0.550462
0.550493
0.550525
0.550525
0.550573
0.55062
0.55062
0.550667
0.550715
0.550715
0.55081
0.55081
0.550842
0.550873
0.550905
0.550905
0.551
0.551
0.551048
0.551095
0.551095
0.55119
0.55119
0.551237
0.551285
0.551285
0.551332
0.55138
0.55138
0.551427
0.551475
0.551475
0.551522
0.55157
0.551665
0.551665
0.551697
0.551728
0.55176
0.55176
0.551808
0.551855
0.551855
0.551903
0.55195
0.55195
0.551982
0.552013
0.552045
0.552045
0.55214
0.55214
0.552188
0.552235
0.552235
0.552282
0.55233
0.55233
0.552377
0.552425
0.552425
0.552457
0.552488
0.55252
0.55252
0.552568
0.552615
0.552615
0.552647
0.552678
0.55271
0.55271
0.552742
0.552773
0.552805
0.552805
0.552853
0.5529
0.5529
0.552948
0.552995
0.552995
0.553042
0.55309
0.55309
0.553137
0.553185
0.553185
0.553232
0.55328
0.55328
0.553328
0.553375
0.553375
0.553423
0.55347
0.55347
0.553518
0.553565
0.553565
0.55366
0.55366
0.553692
0.553723
0.553755
0.553755
0.553802
0.55385
0.55385
0.553882
0.553913
0.553945
0.553945
0.553993
0.55404
0.55404
0.554087
0.554135
0.554135
0.554167
0.554198
0.55423
0.55423
0.554278
0.554325
0.554325
0.554373
0.55442
0.55442
0.554444
0.554467
0.554491
0.554515
0.554515
0.554563
0.55461
0.55461
0.554657
0.554705
0.554705
0.554752
0.5548
0.5548
0.554832
0.554863
0.554895
0.554895
0.554942
0.55499
0.55499
0.555037
0.555085
0.555085
0.555133
0.55518
0.55518
0.555228
0.555275
0.555275
0.555323
0.55537
0.55537
0.555465
0.555465
0.555497
0.555528
0.55556
0.55556
0.555655
0.555655
0.555702
0.55575
0.55575
0.555782
0.555813
0.555845
0.555845
0.55594
0.55594
0.555972
0.556003
0.556035
0.556035
0.556082
0.55613
0.55613
0.556225
0.556225
0.556273
0.55632
0.55632
0.556368
0.556415
0.556415
0.556462
0.55651
0.55651
0.556557
0.556605
0.556605
0.556653
0.5567
0.5567
0.556748
0.556795
0.556795
0.556843
0.55689
0.55689
0.556938
0.556985
0.556985
0.557017
0.557048
0.55708
0.55708
0.557127
0.557175
0.557175
0.557222
0.55727
0.55727
0.557317
0.557365
0.557365
0.557413
0.55746
0.55746
0.557555
0.557555
0.557603
0.55765
0.55765
0.557698
0.557745
0.557745
0.557777
0.557808
0.55784
0.55784
0.557887
0.557935
0.557935
0.557983
0.55803
0.55803
0.558125
0.558125
0.55822
0.55822
0.558267
0.558315
0.558315
0.558363
0.55841
0.55841
0.558505
0.558505
0.558553
0.5586
0.5586
0.558648
0.558695
0.558695
0.558743
0.55879
0.55879
0.558822
0.558853
0.558885
0.558885
0.558932
0.55898
0.55898
0.559075
0.559075
0.559123
0.55917
0.55917
0.559218
0.559265
0.559265
0.559313
0.55936
0.55936
0.559408
0.559455
0.559455
0.559487
0.559518
0.55955
0.55955
0.559597
0.559645
0.559645
0.559693
0.55974
0.55974
0.559772
0.559803
0.559835
0.559835
0.559882
0.55993
0.55993
0.559962
0.559993
0.560025
0.560025
0.560073
0.56012
0.56012
0.560152
0.560183
0.560215
0.560215
0.560247
0.560278
0.56031
0.56031
0.560342
0.560373
0.560405
0.560405
0.560437
0.560468
0.5605
0.5605
0.560532
0.560563
0.560595
0.560595
0.56069
0.56069
0.560722
0.560753
0.560785
0.560785
0.560833
0.56088
0.56088
0.560928
0.560975
0.560975
0.560999
0.561023
0.561046
0.56107
0.56107
0.561118
0.561165
0.561165
0.561212
0.56126
0.56126
0.561292
0.561323
0.561355
0.561355
0.561402
0.56145
0.56145
0.561482
0.561513
0.561545
0.561545
0.561577
0.561608
0.56164
0.56164
0.561672
0.561703
0.561735
0.561735
0.56183
0.56183
0.561877
0.561925
0.561925
0.561957
0.561988
0.56202
0.56202
0.562068
0.562115
0.562115
0.562147
0.562178
0.56221
0.56221
0.562257
0.562305
0.562305
0.562337
0.562368
0.5624
0.5624
0.562447
0.562495
0.562495
0.562527
0.562558
0.56259
0.56259
0.562622
0.562653
0.562685
0.562685
0.562733
0.56278
0.56278
0.562827
0.562875
0.562875
0.562922
0.56297
0.56297
0.563002
0.563033
0.563065
0.563065
0.563112
0.56316
0.56316
0.563255
0.563255
0.563303
0.56335
0.56335
0.563398
0.563445
0.563445
0.563493
0.56354
0.56354
0.563588
0.563635
0.563635
0.563667
0.563698
0.56373
0.56373
0.563778
0.563825
0.563825
0.563872
0.56392
0.56392
0.563967
0.564015
0.564015
0.564047
0.564078
0.56411
0.56411
0.564157
0.564205
0.564205
0.564252
0.5643
0.5643
0.564395
0.564395
0.56449
0.56449
0.564538
0.564585
0.564585
0.56468
0.56468
0.564775
0.564775
0.564807
0.564838
0.56487
0.56487
0.564965
0.564965
0.565013
0.56506
0.56506
0.565155
0.565155
0.565203
0.56525
0.56525
0.565345
0.565345
0.56544
0.56544
0.565488
0.565535
0.565535
0.565583
0.56563
0.56563
0.565725
0.565725
0.565772
0.56582
0.56582
0.565915
0.565915
0.56601
0.56601
0.566058
0.566105
0.566105
0.5662
0.5662
0.566232
0.566263
0.566295
0.566295
0.56639
0.56639
0.566437
0.566485
0.566485
0.566532
0.56658
0.56658
0.566675
0.566675
0.56677
0.56677
0.566818
0.566865
0.566865
0.56696
0.56696
0.567008
0.567055
0.567055
0.56715
0.56715
0.567245
0.567245
0.567292
0.56734
0.56734
0.567387
0.567435
0.567435
0.56753
0.56753
0.567578
0.567625
0.56772
0.56772
0.567815
0.567815
0.56791
0.56791
0.567958
0.568005
0.568005
0.5681
0.5681
0.568195
0.568195
0.568242
0.56829
0.56829
0.568385
0.568385
0.56848
0.56848
0.568575
0.568575
0.568622
0.56867
0.56867
0.568765
0.568765
0.56886
0.56886
0.568907
0.568955
0.568955
0.56905
0.56905
0.569097
0.569145
0.569145
0.56924
0.56924
0.569335
0.569335
0.56943
0.56943
0.569525
0.569525
0.569573
0.56962
0.56962
0.569715
0.569715
0.569762
0.56981
0.56981
0.569857
0.569905
0.569905
0.569952
0.57
0.57
0.570047
0.570095
0.570095
0.57019
0.57019
0.570238
0.570285
0.57038
0.57038
0.570475
0.570475
0.570522
0.57057
0.57057
0.570665
0.570665
0.57076
0.57076
0.570855
0.570855
0.570903
0.57095
0.57095
0.571045
0.571045
0.57114
0.57114
0.571187
0.571235
0.571235
0.57133
0.57133
0.571378
0.571425
0.571425
0.57152
0.57152
0.571615
0.571615
0.571647
0.571678
0.57171
0.57171
0.571805
0.571805
0.5719
0.5719
0.571995
0.571995
0.57209
0.57209
0.572137
0.572185
0.572185
0.572232
0.57228
0.57228
0.572375
0.572375
0.57247
0.572565
0.572565
0.57266
0.57266
0.572755
0.57285
0.57285
0.572945
0.57304
0.573135
0.573135
0.57323
0.573325
0.573325
0.57342
0.573515
0.573515
0.57361
0.573705
0.573705
0.5738
0.573895
0.57399
0.57399
0.574085
0.57418
0.57418
0.574275
0.57437
0.57437
0.574465
0.574465
0.57456
0.574655
0.57475
0.57475
0.574798
0.574845
0.57494
0.575035
0.575035
0.57513
0.575225
0.575225
0.57532
0.575415
0.57551
0.57551
0.575605
0.5757
0.575795
0.57589
0.575985
0.57608
0.576175
0.57627
0.576365
0.57646
0.576555
0.57665
0.576745
0.57684
0.576935
0.57703
0.577125
0.57722
0.577315
0.57741
0.577505
0.5776
0.577695
0.577695
0.57779
0.577885
0.57798
0.578075
0.57817
0.578265
0.57836
0.57836
0.578455
0.578645
0.578645
0.57874
0.57893
0.57893
0.579025
0.57912
0.579215
0.57931
0.579405
0.5795
0.579595
0.57969
0.579785
0.579785
0.57988
0.579975
0.579975
0.58007
0.580165
0.58026
0.580355
0.58045
0.58045
0.58064
0.580735
0.58083
0.58083
0.580925
0.58102
0.58102
0.581115
0.58121
0.581305
0.5814
0.5814
0.581495
0.581495
0.58159
0.581685
0.58178
0.58178
0.581875
0.58197
0.58197
0.582065
0.582065
0.58216
0.582255
0.582255
0.58235
0.58235
0.582445
0.582445
0.58254
0.582635
0.582635
0.58273
0.58273
0.582825
0.58292
0.58292
0.583015
0.583015
0.58311
0.583205
0.583205
0.5833
0.5833
0.583395
0.583395
0.58349
0.583585
0.58368
0.58368
0.583727
0.583775
0.583775
0.58387
0.583965
0.583965
0.584013
0.58406
0.584155
0.584155
0.58425
0.58425
0.584345
0.584345
0.58444
0.58444
0.584535
0.584535
0.58463
0.58463
0.584725
0.584725
0.58482
0.58482
0.584867
0.584915
0.58501
0.58501
0.585105
0.585105
0.5852
0.5852
0.585295
0.58539
0.58539
0.585437
0.585485
0.585485
0.58558
0.58558
0.585675
0.585675
0.58577
0.58577
0.585817
0.585865
0.585865
0.58596
0.58596
0.586008
0.586055
0.586055
0.58615
0.58615
0.586245
0.586245
0.58634
0.58634
0.586435
0.586435
0.58653
0.58653
0.586625
0.586625
0.58672
0.586815
0.586815
0.586863
0.58691
0.58691
0.587005
0.587005
0.5871
0.5871
0.587195
0.587195
0.587242
0.58729
0.58729
0.587385
0.587385
0.58748
0.58748
0.587575
0.587575
0.58767
0.58767
0.587765
0.587765
0.58786
0.58786
0.587907
0.587955
0.587955
0.58805
0.58805
0.588145
0.588145
0.58824
0.58824
0.588335
0.588335
0.58843
0.58843
0.588525
0.588525
0.58862
0.588715
0.588715
0.58881
0.58881
0.588905
0.589
0.589
0.589095
0.589095
0.58919
0.589285
0.589285
0.58938
0.589475
0.589475
0.58957
0.58957
0.589665
0.58976
0.58976
0.589855
0.589855
0.58995
0.58995
0.590045
0.590045
0.59014
0.59014
0.590235
0.590235
0.59033
0.590425
0.59052
0.59052
0.590615
0.590615
0.59071
0.59071
0.590805
0.5909
0.5909
0.590948
0.590995
0.59109
0.591185
0.591185
0.59128
0.59128
0.591375
0.59147
0.591565
0.591565
0.59166
0.591755
0.591755
0.59185
0.591945
0.591945
0.591992
0.59204
0.592135
0.59223
0.59223
0.592325
0.59242
0.59242
0.592515
0.59261
0.59261
0.592705
0.5928
0.5928
0.592895
0.59299
0.59299
0.593085
0.593085
0.59318
0.593275
0.593275
0.59337
0.59337
0.593465
0.59356
0.59356
0.593655
0.59375
0.59375
0.593845
0.593845
0.59394
0.59394
0.594035
0.59413
0.594225
0.594225
0.59432
0.59432
0.594415
0.59451
0.59451
0.594605
0.5947
0.5947
0.594795
0.59489
0.594985
0.594985
0.59508
0.59508
0.595175
0.59527
0.595365
0.595365
0.59546
0.595555
0.595555
0.59565
0.59565
0.595745
0.59584
0.595935
0.595935
0.59603
0.596125
0.596125
0.59622
0.596315
0.59641
0.596505
0.5966
0.5966
0.596695
0.59679
0.59679
0.596885
0.59698
0.59698
0.597075
0.597075
0.59717
0.597265
0.597265
0.59736
0.59736
0.59755
0.59755
0.597645
0.59774
0.59774
0.597835
0.597835
0.59793
0.598025
0.598025
0.59812
0.598215
0.598215
0.59831
0.598405
0.598405
0.5985
0.5985
0.598595
0.598595
0.59869
0.598785
0.598785
0.59888
0.59888
0.598975
0.59907
0.599165
0.599165
0.59926
0.599355
0.599355
0.59945
0.59945
0.599545
0.59964
0.59964
0.599735
0.59983
0.599925
0.599925
0.60002
0.60002
0.600115
0.600115
0.60021
0.600305
0.600305
0.6004
0.6004
0.600495
0.60059
0.60059
0.600685
0.600685
0.60078
0.60078
0.600875
0.60097
0.601065
0.601065
0.60116
0.601255
0.601255
0.60135
0.60135
0.601445
0.601445
0.601492
0.60154
0.60154
0.601635
0.60173
0.60173
0.601825
0.601825
0.60192
0.60192
0.602015
0.60211
0.60211
0.602205
0.602205
0.6023
0.602395
0.602395
0.60249
0.602585
0.602585
0.60268
0.60268
0.602775
0.602775
0.60287
0.60287
0.602965
0.602965
0.603013
0.60306
0.60306
0.603155
0.603155
0.60325
0.603345
0.603345
0.603393
0.60344
0.60344
0.603535
0.60363
0.60363
0.603678
0.603725
0.60382
0.60382
0.603915
0.603915
0.60401
0.60401
0.604105
0.604105
0.6042
0.6042
0.604295
0.604295
0.604343
0.60439
0.60439
0.604485
0.60458
0.60458
0.604675
0.604675
0.60477
0.604865
0.604865
0.60496
0.60496
0.605055
0.605055
0.605103
0.60515
0.605245
0.605245
0.605292
0.60534
0.60534
0.605435
0.605435
0.60553
0.60553
0.605625
0.605625
0.60572
0.605815
0.605815
0.605862
0.60591
0.606005
0.606005
0.6061
0.6061
0.606195
0.606195
0.60629
0.60629
0.606337
0.606385
0.606385
0.60648
0.60648
0.606575
0.606575
0.60667
0.60667
0.606765
0.606765
0.60686
0.60686
0.606955
0.606955
0.60705
0.607145
0.607145
0.607193
0.60724
0.60724
0.607335
0.607335
0.607382
0.60743
0.607525
0.607525
0.60762
0.607715
0.607715
0.60781
0.60781
0.607858
0.607905
0.607905
0.608
0.608
0.608095
0.608095
0.60819
0.60819
0.608285
0.608285
0.60838
0.60838
0.608475
0.608475
0.60857
0.60857
0.608665
0.60876
0.60876
0.608855
0.608855
0.60895
0.60895
0.609045
0.609045
0.60914
0.609235
0.609235
0.60933
0.60933
0.609425
0.60952
0.60952
0.609615
0.60971
0.60971
0.609757
0.609805
0.6099
0.609995
0.609995
0.61009
0.61009
0.610185
0.61028
0.610375
0.61047
0.61047
0.610565
0.61066
0.61066
0.610755
0.61085
0.61085
0.610945
0.610945
0.61104
0.611135
0.611135
0.61123
0.611325
0.611325
0.61142
0.611515
0.61161
0.61161
0.611705
0.6118
0.6118
0.611895
0.61199
0.612085
0.612085
0.61218
0.612275
0.612275
0.61237
0.612465
0.61256
0.61256
0.612655
0.61275
0.61275
0.612845
0.61294
0.61294
0.613035
0.61313
0.61313
0.613225
0.61332
0.61332
0.613415
0.613415
0.61351
0.613605
0.613605
0.6137
0.613795
0.61389
0.61389
0.613985
0.61408
0.61408
0.614175
0.61427
0.61427
0.614365
0.614365
0.61446
0.614555
0.614555
0.61465
0.61465
0.614745
0.61484
0.61484
0.614935
0.614935
0.61503
0.615125
0.615125
0.61522
0.615315
0.615315
0.61541
0.61541
0.615505
0.615505
0.6156
0.6156
0.615695
0.615695
0.61579
0.615885
0.615885
0.61598
0.616075
0.616075
0.61617
0.61617
0.616265
0.61636
0.61636
0.616455
0.616455
0.61655
0.61655
0.616645
0.61674
0.616835
0.61693
0.61693
0.617025
0.617025
0.61712
0.61712
0.617215
0.61731
0.61731
0.617405
0.6175
0.617595
0.61769
0.617785
0.617785
0.61788
0.617975
0.61807
0.61807
0.618165
0.61826
0.618355
0.618355
0.618403
0.61845
0.618545
0.618545
0.61864
0.618735
0.618735
0.61883
0.618925
0.61902
0.619115
0.619115
0.61921
0.619305
0.6194
0.6194
0.619495
0.61959
0.619685
0.619685
0.61978
0.619875
0.619875
0.61997
0.620065
0.620065
0.620255
0.620255
0.620445
0.620445
0.62054
0.62054
0.620635
0.62073
0.620825
0.62092
0.621015
0.621015
0.62111
0.621205
0.6213
0.6213
0.62149
0.62149
0.621585
0.62168
0.62187
0.62187
0.621965
0.62206
0.622155
0.62225
0.622345
0.62244
0.62244
0.622535
0.622535
0.62263
0.622725
0.62282
0.622915
0.622915
0.62301
0.62301
0.623105
0.6232
0.6232
0.623295
0.62339
0.62339
0.623485
0.62358
0.62358
0.623675
0.62377
0.62377
0.623865
0.62396
0.624055
0.624055
0.62415
0.624245
0.62434
0.62434
0.624435
0.624435
0.62453
0.62453
0.62472
0.62472
0.624815
0.62491
0.62491
0.625005
0.6251
0.625195
0.62529
0.625385
0.62548
0.625575
0.62567
0.625765
0.62586
0.625955
0.625955
0.62605
0.626145
0.62624
0.626335
0.62643
0.626525
0.62662
0.626715
0.62681
0.626905
0.627
0.627095
0.62719
0.62719
0.62738
0.627475
0.62757
0.627665
0.62776
0.627855
0.62795
0.628045
0.62814
0.628235
0.62833
0.62833
0.628425
0.62852
0.628615
0.628615
0.62871
0.628805
0.628995
0.62909
0.629185
0.62928
0.629375
0.629375
0.62947
0.629565
0.62966
0.629755
0.629755
0.62985
0.629945
0.629945
0.63004
0.630135
0.63023
0.630325
0.630325
0.63042
0.630515
0.63061
0.63061
0.630705
0.6308
0.630895
0.630895
0.630943
0.63099
0.631085
0.63118
0.63118
0.631275
0.63137
0.631465
0.63156
0.631655
0.631655
0.63175
0.63175
0.631845
0.63194
0.63194
0.632035
0.63213
0.632225
0.63232
0.63232
0.632415
0.63251
0.632605
0.6327
0.6327
0.632795
0.63289
0.632985
0.632985
0.63308
0.633175
0.633175
0.63327
0.633365
0.63346
0.633555
0.63365
0.633745
0.633745
0.63384
0.63403
0.634125
0.63422
0.63441
0.634505
0.634695
0.63479
0.63479
0.634885
0.63498
0.635075
0.63517
0.635265
0.63536
0.635455
0.635645
0.63574
0.635835
0.63593
0.63593
0.636025
0.63612
0.636215
0.636215
0.63631
0.636405
0.636405
0.6365
0.636595
0.63669
0.63669
0.636785
0.636975
0.63707
0.637165
0.63726
0.63726
0.637355
0.63745
0.637545
0.63764
0.637735
0.63783
0.637925
0.63802
0.638115
0.63821
0.6384
0.638495
0.63859
0.638685
0.63878
0.63878
0.638875
0.63897
0.639065
0.63916
0.639255
0.63935
0.639445
0.639445
0.639635
0.639635
0.63973
0.63992
0.640015
0.640205
0.6403
0.64049
0.64068
0.640775
0.64087
0.64106
0.641155
0.641345
0.64144
0.641535
0.641725
0.64182
0.64201
0.6422
0.642295
0.642485
0.64258
0.642675
0.64277
0.64277
0.64296
0.643055
0.64315
0.643245
0.64334
0.643435
0.643625
0.64372
0.643815
0.64391
0.6441
0.644195
0.64429
0.64448
0.644575
0.64467
0.644765
0.644955
0.64505
0.64524
0.645335
0.645525
0.64562
0.645715
0.645905
0.646
0.64619
0.646285
0.646475
0.64657
0.64676
0.646855
0.64714
0.64733
0.647425
0.647615
0.6479
0.647995
0.648185
0.648375
0.64866
0.64885
0.649135
0.649325
0.64961
0.649705
0.649895
0.650085
0.650275
0.65037
0.65056
0.65075
0.65094
0.65113
0.65132
0.65151
0.6517
0.65189
0.65208
0.65227
0.65246
0.65265
0.65284
0.65303
0.65322
0.65341
0.653505
0.653695
0.653885
0.654075
0.654265
0.654455
0.654645
0.654835
0.655025
0.65512
0.65531
0.655405
0.655595
0.65569
0.65588
0.655975
0.65607
0.656165
0.65626
0.656355
0.65645
0.65645
0.656545
0.656735
0.65683
0.656925
0.65702
0.657115
0.657305
0.6574
0.6574
0.65759
0.657685
0.65778
0.657875
0.65797
0.65797
0.658065
0.658065
0.658255
0.65835
0.658445
0.658445
0.65854
0.658635
0.65873
0.65892
0.659015
0.65911
0.659205
0.6593
0.6593
0.65949
0.659585
0.65968
0.659775
0.65987
0.659965
0.66006
0.660155
0.66025
0.660345
0.660345
0.66044
0.660535
0.660535
0.660725
0.660725
0.66082
0.660915
0.66101
0.661105
0.6612
0.661295
0.661295
0.66139
0.661485
0.661485
0.66158
0.66158
0.661675
0.66177
0.661865
0.661865
0.66196
0.662055
0.662245
0.662245
0.66234
0.662435
0.66253
0.662625
0.662815
0.66291
0.663005
0.6631
0.663195
0.66329
0.66329
0.66348
0.66348
0.663575
0.66367
0.663765
0.663955
0.66405
0.66405
0.664145
0.66424
0.664335
0.66443
0.66443
0.664525
0.664525
0.66462
0.66481
0.66481
0.664905
0.665
0.665095
0.66519
0.665285
0.66538
0.665475
0.66576
0.66595
0.666045
0.666235
0.66633
0.666425
0.66652
0.66652
0.666615
0.66671
0.66671
0.666805
0.6669
0.666995
0.66709
0.66709
0.667185
0.66728
0.667375
0.66747
0.667565
0.66766
0.667755
0.66785
0.66804
0.668135
0.66823
0.66842
0.668515
0.66861
0.668705
0.6688
0.668895
0.668895
0.668943
0.66899
0.66899
0.669037
0.669085
0.669085
0.66918
0.669275
0.669275
0.66937
0.66937
0.669465
0.669465
0.669513
0.66956
0.66956
0.669655
0.66975
0.66975
0.669845
0.669845
0.669892
0.66994
0.66994
0.670035
0.670035
0.67013
0.670225
0.67032
0.67032
0.670415
0.670415
0.67051
0.67051
0.670557
0.670605
0.670605
0.6707
0.670795
0.670795
0.67089
0.67089
0.670985
0.670985
0.67108
0.67108
0.671175
0.671175
0.67127
0.67127
0.671365
0.67146
0.67146
0.671555
0.671555
0.67165
0.67165
0.671745
0.671745
0.67184
0.67184
0.671888
0.671935
0.67203
0.67203
0.672125
0.67222
0.67222
0.672315
0.67241
0.672505
0.672505
0.6726
0.6726
0.672648
0.672695
0.672695
0.67279
0.672885
0.672885
0.67298
0.673075
0.673075
0.67317
0.67317
0.673217
0.673265
0.67336
0.67336
0.673407
0.673455
0.673455
0.67355
0.67355
0.673645
0.673645
0.673693
0.67374
0.673835
0.67393
0.67393
0.674025
0.674025
0.674073
0.67412
0.674215
0.674215
0.67431
0.67431
0.674405
0.674405
0.6745
0.6745
0.674595
0.674595
0.67469
0.67469
0.674785
0.674785
0.674832
0.67488
0.67488
0.674975
0.674975
0.675022
0.67507
0.675165
0.675165
0.67526
0.67526
0.675355
0.67545
0.67545
0.675545
0.675545
0.675592
0.67564
0.675735
0.675735
0.67583
0.67583
0.675925
0.675925
0.67602
0.67602
0.676068
0.676115
0.67621
0.67621
0.676305
0.676305
0.6764
0.6764
0.676495
0.676495
0.676543
0.67659
0.67659
0.676685
0.676685
0.67678
0.676875
0.67697
0.677065
0.677065
0.677113
0.67716
0.67716
0.677255
0.677255
0.67735
0.67735
0.677445
0.677445
0.67754
0.67754
0.677635
0.67773
0.67773
0.677825
0.677825
0.67792
0.678015
0.678015
0.67811
0.67811
0.678205
0.6783
0.6783
0.678395
0.678395
0.67849
0.67849
0.678537
0.678585
0.67868
0.678775
0.67887
0.67887
0.678965
0.678965
0.679012
0.67906
0.67906
0.67925
0.67925
0.679345
0.679345
0.67944
0.679535
0.679535
0.67963
0.679725
0.67982
0.67982
0.679868
0.679915
0.679915
0.68001
0.680105
0.680105
0.6802
0.6802
0.680295
0.680295
0.680342
0.68039
0.68039
0.680485
0.68058
0.68058
0.680675
0.680675
0.68077
0.68077
0.680865
0.68096
0.68096
0.681055
0.681055
0.681103
0.68115
0.68115
0.681198
0.681245
0.68134
0.681435
0.681435
0.681482
0.68153
0.68153
0.681577
0.681625
0.68172
0.681815
0.681815
0.681863
0.68191
0.68191
0.682005
0.682005
0.682037
0.682068
0.6821
0.6821
0.682195
0.68229
0.682385
0.68248
0.68248
0.682575
0.682575
0.682765
0.682765
0.68286
0.68286
0.682955
0.682955
0.682987
0.683018
0.68305
0.68305
0.683145
0.683145
0.68324
0.68324
0.683335
0.68343
0.683525
0.68362
0.683715
0.683715
0.68381
0.68381
0.683905
0.683905
0.684
0.684
0.684047
0.684095
0.684095
0.684142
0.68419
0.68419
0.684285
0.684285
0.68438
0.684475
0.68457
0.684665
0.684665
0.68476
0.68476
0.684855
0.684855
0.68495
0.68495
0.685045
0.685045
0.68514
0.685235
0.68533
0.685425
0.685425
0.68552
0.685615
0.685615
0.68571
0.685805
0.685805
0.6859
0.6859
0.685995
0.68609
0.686185
0.686185
0.68628
0.686375
0.686375
0.68647
0.68647
0.686517
0.686565
0.68666
0.686755
0.68685
0.68685
0.686945
0.686945
0.68704
0.687135
0.68723
0.687325
0.687325
0.68742
0.68742
0.687515
0.687515
0.68761
0.68761
0.687705
0.687705
0.6878
0.687895
0.68799
0.688085
0.688085
0.68818
0.688275
0.688275
0.68837
0.68837
0.688465
0.688465
0.688513
0.68856
0.68856
0.688655
0.688655
0.68875
0.68875
0.688845
0.688845
0.68894
0.68894
0.689035
0.68913
0.689225
0.68932
0.68932
0.689415
0.689415
0.68951
0.68951
0.689605
0.6897
0.689795
0.68989
0.68989
0.689985
0.69008
0.690175
0.690175
0.69027
0.69027
0.690365
0.69046
0.69046
0.690555
0.69065
0.690745
0.690745
0.690792
0.69084
0.69084
0.690935
0.69103
0.691125
0.691125
0.69122
0.69122
0.691315
0.691315
0.69141
0.69141
0.691505
0.6916
0.6916
0.691695
0.69179
0.69179
0.691885
0.69198
0.692075
0.692075
0.692123
0.69217
0.692265
0.69236
0.69236
0.692407
0.692455
0.692455
0.692645
0.69274
0.69274
0.692835
0.69293
0.693025
0.693025
0.69312
0.693215
0.693215
0.69331
0.69331
0.693405
0.6935
0.693595
0.69369
0.69369
0.693785
0.69388
0.69388
0.693975
0.693975
0.69407
0.694165
0.694165
0.69426
0.694355
0.694545
0.694545
0.694592
0.69464
0.694735
0.69483
0.694925
0.69502
0.69502
0.695068
0.695115
0.69521
0.695305
0.6954
0.6954
0.695495
0.69559
0.69559
0.695685
0.695685
0.69578
0.695875
0.69597
0.696065
0.69616
0.69616
0.696208
0.696255
0.696255
0.69635
0.69635
0.696445
0.696445
0.69654
0.696635
0.696825
0.696825
0.696873
0.69692
0.69692
0.697015
0.69711
0.697205
0.6973
0.697395
0.69749
0.697585
0.69768
0.69768
0.69787
0.697965
0.69806
0.69806
0.698107
0.698155
0.69825
0.698345
0.69844
0.698535
0.69863
0.698725
0.69882
0.698915
0.69901
0.699105
0.6992
0.6992
0.699295
0.699295
0.69939
0.699485
0.69958
0.699675
0.699865
0.69996
0.700055
0.70015
0.70015
0.700245
0.70034
0.700435
0.700435
0.70053
0.700625
0.70072
0.700815
0.701005
0.7011
0.7011
0.701195
0.701195
0.701385
0.70148
0.70148
0.701575
0.701575
0.70167
0.701765
0.70186
0.701955
0.701955
0.70205
0.70224
0.70224
0.70243
0.70243
0.702525
0.70262
0.702715
0.702715
0.702762
0.70281
0.70281
0.703
0.703
0.703095
0.70319
0.703285
0.703285
0.703475
0.703475
0.70357
0.70357
0.703665
0.703665
0.70376
0.70376
0.703855
0.703855
0.703902
0.70395
0.70395
0.704045
0.70414
0.704235
0.704235
0.70433
0.704425
0.70452
0.70452
0.704567
0.704615
0.70471
0.70471
0.704758
0.704805
0.704995
0.705185
0.705185
0.70528
0.70528
0.705328
0.705375
0.70547
0.70547
0.70566
0.70566
0.705755
0.705945
0.705945
0.70604
0.706135
0.70623
0.706325
0.70642
0.706515
0.70661
0.706705
0.706705
0.706753
0.7068
0.706895
0.70699
0.707085
0.707275
0.707275
0.70737
0.707465
0.707465
0.707512
0.70756
0.70756
0.707655
0.70775
0.707845
0.708035
0.708035
0.70813
0.708225
0.70832
0.70832
0.70851
0.70851
0.7087
0.7087
0.708795
0.70889
0.708985
0.708985
0.70908
0.709175
0.70927
0.70927
0.709365
0.70946
0.709555
0.709745
0.70984
0.709935
0.709935
0.710125
0.71022
0.710315
0.710315
0.71041
0.71041
0.710505
0.710505
0.7106
0.710695
0.710695
0.71079
0.71098
0.71098
0.711028
0.711075
0.71117
0.711265
0.71136
0.711455
0.711645
0.71174
0.71174
0.711835
0.71193
0.712025
0.71212
0.71212
0.712215
0.71231
0.712405
0.712405
0.712437
0.712468
0.7125
0.712595
0.71269
0.712785
0.71288
0.712975
0.71307
0.71307
0.713165
0.71326
0.71326
0.713355
0.713545
0.713545
0.71364
0.71383
0.71402
0.714115
0.714115
0.71421
0.714305
0.714305
0.7144
0.7144
0.714495
0.71459
0.714685
0.714685
0.71478
0.714875
0.714875
0.714922
0.71497
0.715255
0.715255
0.71535
0.715445
0.715445
0.71573
0.71592
0.716015
0.716015
0.716063
0.71611
0.71611
0.716157
0.716205
0.716205
0.7163
0.716395
0.71649
0.716585
0.71668
0.71668
0.716775
0.71687
0.71687
0.716918
0.716965
0.71706
0.71706
0.71725
0.71725
0.717345
0.717345
0.71744
0.71744
0.717535
0.71763
0.71763
0.717662
0.717693
0.717725
0.717915
0.717915
0.717963
0.71801
0.71801
0.718105
0.7182
0.7182
0.718295
0.71839
0.71839
0.718437
0.718485
0.718675
0.71877
0.71896
0.71896
0.719007
0.719055
0.719055
0.71915
0.719245
0.719245
0.71934
0.719435
0.71953
0.719625
0.719625
0.71972
0.71972
0.719815
0.719815
0.71991
0.71991
0.7201
0.7201
0.720147
0.720195
0.72029
0.72029
0.720385
0.720385
0.720575
0.720575
0.72067
0.72067
0.720733
0.720797
0.72086
0.720955
0.72105
0.72105
0.721082
0.721113
0.721145
0.72124
0.721335
0.72143
0.721525
0.721525
0.721573
0.72162
0.72162
0.72181
0.72181
0.721905
0.722
0.722
0.722048
0.722095
0.72219
0.722285
0.722285
0.72238
0.722475
0.722475
0.722522
0.72257
0.72257
0.722602
0.722633
0.722665
0.72276
0.722855
0.72295
0.72314
0.72314
0.723235
0.723235
0.72333
0.72333
0.72352
0.723615
0.723615
0.723647
0.723678
0.72371
0.72371
0.723805
0.723805
0.7239
0.7239
0.723916
0.723932
0.723948
0.723963
0.723979
0.723995
0.72409
0.72409
0.724122
0.724153
0.724185
0.72428
0.72428
0.724328
0.724375
0.724375
0.72447
0.724565
0.72466
0.72466
0.724707
0.724755
0.72485
0.72485
0.724945
0.724945
0.724993
0.72504
0.72504
0.72523
0.72523
0.725325
0.725325
0.725372
0.72542
0.72542
0.725468
0.725515
0.725705
0.725705
0.7258
0.7258
0.725832
0.725863
0.725895
0.72599
0.726085
0.72618
0.72618
0.726212
0.726243
0.726275
0.726275
0.726323
0.72637
0.72637
0.726402
0.726433
0.726465
0.72656
0.72656
0.726608
0.726655
0.726655
0.72675
0.72675
0.726845
0.726845
0.726883
0.726921
0.726959
0.726997
0.727035
0.727035
0.72713
0.72713
0.727162
0.727193
0.727225
0.727225
0.72732
0.727415
0.727415
0.72751
0.72751
0.727557
0.727605
0.727605
0.7277
0.727795
0.727795
0.727827
0.727858
0.72789
0.727985
0.72808
0.72808
0.728175
0.728175
0.728207
0.728238
0.72827
0.72827
0.728302
0.728333
0.728365
0.72846
0.728555
0.728555
0.72865
0.728745
0.72884
0.72884
0.728935
0.728935
0.728967
0.728998
0.72903
0.729125
0.729125
0.729172
0.72922
0.72922
0.729267
0.729315
0.729505
0.729505
0.7296
0.7296
0.729632
0.729663
0.729695
0.729695
0.729743
0.72979
0.72979
0.729822
0.729853
0.729885
0.72998
0.72998
0.730012
0.730043
0.730075
0.73017
0.73017
0.730265
0.730265
0.730313
0.73036
0.730455
0.730455
0.730502
0.73055
0.73055
0.730574
0.730597
0.730621
0.730645
0.730645
0.730669
0.730693
0.730716
0.73074
0.73074
0.730788
0.730835
0.730835
0.730859
0.730882
0.730906
0.73093
0.73093
0.730944
0.730957
0.730971
0.730984
0.730998
0.731011
0.731025
0.731025
0.731049
0.731073
0.731096
0.73112
0.73131
0.73131
0.731334
0.731358
0.731381
0.731405
0.731405
0.731452
0.7315
0.7315
0.731595
0.731595
0.731619
0.731642
0.731666
0.73169
0.73169
0.731722
0.731753
0.731785
0.731785
0.731817
0.731848
0.73188
0.73188
0.731912
0.731943
0.731975
0.732165
0.73226
0.73226
0.732307
0.732355
0.73245
0.732545
0.732545
0.73264
0.73264
0.732656
0.732672
0.732688
0.732703
0.732719
0.732735
0.732735
0.732767
0.732798
0.73283
0.732925
0.732925
0.732941
0.732957
0.732973
0.732988
0.733004
0.73302
0.73302
0.733036
0.733052
0.733068
0.733083
0.733099
0.733115
0.733115
0.733134
0.733153
0.733172
0.733191
0.73321
0.73321
0.733219
0.733229
0.733238
0.733248
0.733257
0.733267
0.733276
0.733286
0.733296
0.733305
0.733305
0.733329
0.733352
0.733376
0.7334
0.7334
0.733416
0.733432
0.733447
0.733463
0.733479
0.733495
0.733495
0.733511
0.733527
0.733543
0.733558
0.733574
0.73359
0.73359
0.733614
0.733638
0.733661
0.733685
0.73378
0.733875
0.733875
0.73388
0.733885
0.73389
0.733895
0.7339
0.733905
0.73391
0.733915
0.73392
0.733925
0.73393
0.733935
0.73394
0.733945
0.73395
0.733955
0.73396
0.733965
0.73397
0.73397
0.734002
0.734033
0.734065
0.734065
0.734092
0.734119
0.734146
0.734174
0.734201
0.734228
0.734255
0.73435
0.73435
0.734369
0.734388
0.734407
0.734426
0.734445
0.734445
0.734469
0.734493
0.734516
0.73454
0.73454
0.734564
0.734587
0.734611
0.734635
0.734635
0.734643
0.734651
0.734659
0.734667
0.734675
0.734683
0.73469
0.734698
0.734706
0.734714
0.734722
0.73473
0.73473
0.734749
0.734768
0.734787
0.734806
0.734825
0.734825
0.734872
0.73492
0.73492
0.734952
0.734983
0.735015
0.73511
0.73511
0.735142
0.735173
0.735205
0.735205
0.735252
0.7353
0.7353
0.735395
0.735395
0.735443
0.73549
0.73549
0.735585
0.735585
0.735601
0.735617
0.735632
0.735648
0.735664
0.73568
0.73568
0.735694
0.735707
0.735721
0.735734
0.735748
0.735761
0.735775
0.735965
0.735965
0.735977
0.735989
0.736001
0.736013
0.736024
0.736036
0.736048
0.73606
0.73606
0.736155
0.736155
0.73625
0.73625
0.736282
0.736313
0.736345
0.736345
0.736356
0.736366
0.736377
0.736387
0.736398
0.736408
0.736419
0.736429
0.73644
0.736535
0.736535
0.736541
0.736547
0.736553
0.736559
0.736565
0.736571
0.736577
0.736583
0.736588
0.736594
0.7366
0.736606
0.736612
0.736618
0.736624
0.73663
0.73663
0.736641
0.736651
0.736662
0.736672
0.736683
0.736693
0.736704
0.736714
0.736725
0.736725
0.736773
0.73682
0.73682
0.736834
0.736847
0.736861
0.736874
0.736888
0.736901
0.736915
0.736915
0.736947
0.736978
0.73701
0.73701
0.737024
0.737037
0.737051
0.737064
0.737078
0.737091
0.737105
0.737105
0.7372
0.7372
0.737224
0.737247
0.737271
0.737295
0.737295
0.737327
0.737358
0.73739
0.73739
0.737437
0.737485
0.737485
0.73758
0.73758
0.737628
0.737675
0.737675
0.73777
0.737865
0.737865
0.737877
0.737889
0.737901
0.737913
0.737924
0.737936
0.737948
0.73796
0.738055
0.73815
0.738245
0.738245
0.738277
0.738308
0.73834
0.738435
0.738435
0.738456
0.738477
0.738498
0.738519
0.738541
0.738562
0.738583
0.738604
0.738625
0.738625
0.738649
0.738672
0.738696
0.73872
0.73872
0.738752
0.738783
0.738815
0.738815
0.738863
0.73891
0.73891
0.738942
0.738973
0.739005
0.739005
0.739052
0.7391
0.7391
0.739114
0.739127
0.739141
0.739154
0.739168
0.739181
0.739195
0.739195
0.739207
0.739219
0.739231
0.739242
0.739254
0.739266
0.739278
0.73929
0.73929
0.739314
0.739338
0.739361
0.739385
0.739385
0.739433
0.73948
0.73948
0.739496
0.739512
0.739528
0.739543
0.739559
0.739575
0.739575
0.73967
0.73967
0.739689
0.739708
0.739727
0.739746
0.739765
0.739765
0.739777
0.739789
0.739801
0.739812
0.739824
0.739836
0.739848
0.73986
0.73986
0.739881
0.739902
0.739923
0.739944
0.739966
0.739987
0.740008
0.740029
0.74005
0.74005
0.740057
0.740064
0.74007
0.740077
0.740084
0.740091
0.740098
0.740104
0.740111
0.740118
0.740125
0.740131
0.740138
0.740145
0.740145
0.740169
0.740193
0.740216
0.74024
0.74024
0.740264
0.740288
0.740311
0.740335
0.740335
0.74043
0.74043
0.740525
0.74062
0.74062
0.740644
0.740667
0.740691
0.740715
0.740905
0.741
0.741095
0.741285
0.741285
0.741333
0.74138
0.74138
0.741412
0.741443
0.741475
0.741475
0.741538
0.741602
0.741665
0.741665
0.741684
0.741703
0.741722
0.741741
0.74176
0.74176
0.741766
0.741773
0.741779
0.741785
0.741792
0.741798
0.741804
0.741811
0.741817
0.741823
0.74183
0.741836
0.741842
0.741849
0.741855
0.741855
0.741903
0.74195
0.74195
0.741958
0.741966
0.741974
0.741982
0.74199
0.741997
0.742005
0.742013
0.742021
0.742029
0.742037
0.742045
0.74214
0.74214
0.742235
0.74233
0.74233
0.742378
0.742425
0.742425
0.742431
0.742438
0.742444
0.74245
0.742457
0.742463
0.742469
0.742476
0.742482
0.742488
0.742495
0.742501
0.742507
0.742514
0.74252
0.74252
0.742532
0.742544
0.742556
0.742567
0.742579
0.742591
0.742603
0.742615
0.742615
0.74271
0.74271
0.742773
0.742837
0.7429
0.7429
0.742948
0.742995
0.74309
0.743185
0.74328
0.74328
0.743291
0.743301
0.743312
0.743322
0.743333
0.743343
0.743354
0.743364
0.743375
0.74347
0.74347
0.743489
0.743508
0.743527
0.743546
0.743565
0.743755
0.743755
0.743774
0.743793
0.743812
0.743831
0.74385
0.743945
0.743945
0.74404
0.744135
0.744135
0.74423
0.744325
0.744325
0.744372
0.74442
0.744515
0.744515
0.744563
0.74461
0.74461
0.744642
0.744673
0.744705
0.744705
0.7448
0.744895
0.744895
0.74499
0.74499
0.745085
0.745085
0.74518
0.74518
0.745212
0.745243
0.745275
0.745275
0.74537
0.74537
0.745417
0.745465
0.745465
0.745512
0.74556
0.74556
0.745655
0.745655
0.745687
0.745718
0.74575
0.74575
0.745769
0.745788
0.745807
0.745826
0.745845
0.745845
0.74594
0.74594
0.745964
0.745988
0.746011
0.746035
0.74613
0.74613
0.746149
0.746168
0.746187
0.746206
0.746225
0.746225
0.746249
0.746273
0.746296
0.74632
0.74632
0.746368
0.746415
0.74651
0.746605
0.746605
0.746795
0.746795
0.746819
0.746843
0.746866
0.74689
0.746914
0.746938
0.746961
0.746985
0.746985
0.746996
0.747006
0.747017
0.747027
0.747038
0.747048
0.747059
0.747069
0.74708
0.74708
0.747096
0.747112
0.747128
0.747143
0.747159
0.747175
0.74727
0.74727
0.74746
0.74746
0.747466
0.747472
0.747478
0.747484
0.74749
0.747496
0.747502
0.747507
0.747513
0.747519
0.747525
0.747531
0.747537
0.747543
0.747549
0.747555
0.747555
0.747566
0.747576
0.747587
0.747597
0.747608
0.747618
0.747629
0.747639
0.74765
0.747745
0.747745
0.747792
0.74784
0.74784
0.747864
0.747887
0.747911
0.747935
0.747935
0.747952
0.74797
0.747987
0.748004
0.748021
0.748039
0.748056
0.748073
0.74809
0.748108
0.748125
0.74822
0.74822
0.748267
0.748315
0.748315
0.74841
0.74841
0.748422
0.748434
0.748446
0.748457
0.748469
0.748481
0.748493
0.748505
0.748505
0.7486
0.7486
0.748657
0.748714
0.748771
0.748828
0.748885
0.74898
0.74898
0.748989
0.748999
0.749008
0.749018
0.749027
0.749037
0.749047
0.749056
0.749066
0.749075
0.749075
0.749107
0.749138
0.74917
0.749265
0.749265
0.749274
0.749284
0.749293
0.749303
0.749313
0.749322
0.749331
0.749341
0.749351
0.74936
0.74936
0.749408
0.749455
0.74955
0.749645
0.749645
0.749664
0.749683
0.749702
0.749721
0.74974
0.74974
0.749788
0.749835
0.749835
0.74993
0.74993
0.749977
0.750025
0.750025
0.75012
0.75012
0.750167
0.750215
0.750215
0.750286
0.750358
0.750429
0.7505
0.7505
0.750548
0.750595
0.750595
0.75069
0.75069
0.750737
0.750785
0.750785
0.750832
0.75088
0.750928
0.750975
0.750975
0.75107
0.75107
0.751094
0.751118
0.751141
0.751165
0.751165
0.751197
0.751228
0.75126
0.75126
0.751279
0.751298
0.751317
0.751336
0.751355
0.751355
0.751402
0.75145
0.75145
0.751469
0.751488
0.751507
0.751526
0.751545
0.751545
0.751577
0.751608
0.75164
0.751735
0.751735
0.751751
0.751767
0.751783
0.751798
0.751814
0.75183
0.75183
0.751849
0.751868
0.751887
0.751906
0.751925
0.751925
0.75202
0.75202
0.752036
0.752052
0.752068
0.752083
0.752099
0.752115
0.752115
0.75212
0.752124
0.752129
0.752134
0.752139
0.752144
0.752148
0.752153
0.752158
0.752163
0.752167
0.752172
0.752177
0.752182
0.752186
0.752191
0.752196
0.752201
0.752205
0.75221
0.752305
0.752305
0.752321
0.752337
0.752352
0.752368
0.752384
0.7524
0.7524
0.752447
0.752495
0.75259
0.75259
0.752597
0.752604
0.75261
0.752617
0.752624
0.752631
0.752638
0.752644
0.752651
0.752658
0.752665
0.752671
0.752678
0.752685
0.752685
0.752699
0.752712
0.752726
0.752739
0.752753
0.752766
0.75278
0.75278
0.752799
0.752818
0.752837
0.752856
0.752875
0.752875
0.752894
0.752913
0.752932
0.752951
0.75297
0.75297
0.753017
0.753065
0.753065
0.753071
0.753077
0.753083
0.753089
0.753095
0.753101
0.753107
0.753112
0.753118
0.753124
0.75313
0.753136
0.753142
0.753148
0.753154
0.75316
0.753255
0.753255
0.75335
0.75335
0.753445
0.753445
0.753459
0.753472
0.753486
0.753499
0.753513
0.753526
0.75354
0.75354
0.753555
0.753569
0.753584
0.753599
0.753613
0.753628
0.753642
0.753657
0.753672
0.753686
0.753701
0.753715
0.75373
0.75373
0.753825
0.753825
0.75392
0.754015
0.75411
0.75411
0.7543
0.7543
0.754319
0.754338
0.754357
0.754376
0.754395
0.754395
0.754443
0.75449
0.75449
0.754585
0.75468
0.75468
0.754696
0.754712
0.754727
0.754743
0.754759
0.754775
0.754775
0.75487
0.75487
0.754908
0.754946
0.754984
0.755022
0.75506
0.75506
0.755098
0.755136
0.755174
0.755212
0.75525
0.75525
0.755298
0.755345
0.755345
0.755357
0.755369
0.755381
0.755392
0.755404
0.755416
0.755428
0.75544
0.75544
0.755472
0.755503
0.755535
0.755535
0.755583
0.75563
0.75563
0.755649
0.755668
0.755687
0.755706
0.755725
0.75582
0.75582
0.755867
0.755915
0.755962
0.75601
0.75601
0.756105
0.756105
0.7562
0.7562
0.756295
0.756485
0.75677
0.75677
0.756794
0.756818
0.756841
0.756865
0.757055
0.757055
0.75715
0.75734
0.757435
0.757435
0.757498
0.757562
0.757625
0.757625
0.75772
0.75772
0.75791
0.75791
0.757973
0.758037
0.7581
0.7581
0.758195
0.75829
0.758385
0.758385
0.758423
0.758461
0.758499
0.758537
0.758575
0.758575
0.758613
0.758651
0.758689
0.758727
0.758765
0.758765
0.758812
0.75886
0.758955
0.758955
0.75905
0.75905
0.759145
0.759335
0.759335
0.759354
0.759373
0.759392
0.759411
0.75943
0.759525
0.759525
0.759557
0.759588
0.75962
0.759652
0.759683
0.759715
0.759715
0.75981
0.759905
0.76
0.760095
0.760095
0.760127
0.760158
0.76019
0.76038
0.76057
0.76057
0.760584
0.760597
0.760611
0.760624
0.760638
0.760651
0.760665
0.760665
0.760855
0.760855
0.76095
0.76095
0.760974
0.760998
0.761021
0.761045
0.761045
0.761077
0.761108
0.76114
0.761172
0.761203
0.761235
0.761235
0.76133
0.76133
0.761354
0.761378
0.761401
0.761425
0.76152
0.76171
0.76171
0.761742
0.761773
0.761805
0.761805
0.7619
0.7619
0.761995
0.76209
0.762185
0.76228
0.76247
0.76247
0.762486
0.762502
0.762517
0.762533
0.762549
0.762565
0.762565
0.76285
0.762945
0.762945
0.76304
0.76304
0.763515
0.763515
0.763563
0.76361
0.76361
0.763895
0.763895
0.763927
0.763958
0.76399
0.76399
0.76418
0.76418
0.764228
0.764275
0.76437
0.76437
0.764465
0.76456
0.764845
0.764845
0.764877
0.764908
0.76494
0.765225
0.765225
0.765272
0.76532
0.76551
0.76551
0.765558
0.765605
0.765795
0.765795
0.76589
0.766175
0.766175
0.766317
0.76646
0.76665
0.766745
0.766745
0.766935
0.766935
0.766998
0.767062
0.767125
0.76741
0.76741
0.767467
0.767524
0.767581
0.767638
0.767695
0.767695
0.7677
0.767706
0.767711
0.767716
0.767721
0.767727
0.767732
0.767737
0.767743
0.767748
0.767753
0.767758
0.767764
0.767769
0.767774
0.767779
0.767785
0.76779
0.76779
0.767805
0.767819
0.767834
0.767848
0.767863
0.767878
0.767892
0.767907
0.767922
0.767936
0.767951
0.767965
0.76798
0.76798
0.76817
0.76817
0.768265
0.768265
0.768455
0.768455
0.76874
0.76874
0.768761
0.768782
0.768803
0.768824
0.768846
0.768867
0.768888
0.768909
0.76893
0.76893
0.769001
0.769073
0.769144
0.769215
0.769215
0.76931
0.769405
0.769405
0.769429
0.769453
0.769476
0.7695
0.7695
0.769595
0.76969
0.76969
0.769707
0.769725
0.769742
0.769759
0.769776
0.769794
0.769811
0.769828
0.769845
0.769863
0.76988
0.769975
0.769975
0.770002
0.770029
0.770056
0.770084
0.770111
0.770138
0.770165
0.770165
0.770292
0.770418
0.770545
0.770545
0.77083
0.77083
0.770906
0.770982
0.771058
0.771134
0.77121
0.771305
0.771305
0.771337
0.771368
0.7714
0.771432
0.771463
0.771495
0.771527
0.771558
0.77159
0.771622
0.771653
0.771685
0.771685
0.771875
0.771875
0.772065
0.772065
0.772081
0.772097
0.772112
0.772128
0.772144
0.77216
0.77235
0.77235
0.77254
0.77254
0.772635
0.77273
0.77292
0.77292
0.77311
0.77311
0.773173
0.773237
0.7733
0.77349
0.773585
0.773585
0.77368
0.773775
0.773775
0.77387
0.773965
0.774155
0.774155
0.77425
0.774345
0.774915
0.774915
0.77501
0.775105
0.7752
0.775295
0.77539
0.775485
0.775675
0.775675
0.775713
0.775751
0.775789
0.775827
0.775865
0.775865
0.776055
0.776055
0.776293
0.77653
0.77653
0.776625
0.77672
0.77691
0.77729
0.77729
0.77748
0.77748
0.77767
0.77767
0.777765
0.77786
0.777955
0.777955
0.778018
0.778082
0.778145
0.778145
0.77824
0.778335
0.778335
0.77843
0.778525
0.779
0.779
0.779011
0.779021
0.779032
0.779042
0.779053
0.779063
0.779074
0.779084
0.779095
0.779106
0.779116
0.779127
0.779137
0.779148
0.779158
0.779169
0.779179
0.77919
0.77919
0.779201
0.779212
0.779223
0.779234
0.779245
0.779256
0.779267
0.779278
0.779289
0.7793
0.779311
0.779322
0.779333
0.779343
0.779354
0.779365
0.779376
0.779387
0.779398
0.779409
0.77942
0.779431
0.779442
0.779453
0.779464
0.779475
0.779475
0.779483
0.779492
0.7795
0.779508
0.779516
0.779525
0.779533
0.779541
0.779549
0.779558
0.779566
0.779574
0.779582
0.779591
0.779599
0.779607
0.779615
0.779624
0.779632
0.77964
0.779648
0.779657
0.779665
0.779665
0.77976
0.779855
0.779855
0.779867
0.779879
0.779891
0.779903
0.779914
0.779926
0.779938
0.77995
0.779962
0.779974
0.779986
0.779998
0.780009
0.780021
0.780033
0.780045
0.780057
0.780069
0.780081
0.780093
0.780104
0.780116
0.780128
0.78014
0.78014
0.780235
0.78033
0.78033
0.780346
0.780362
0.780378
0.780393
0.780409
0.780425
0.780441
0.780457
0.780473
0.780488
0.780504
0.78052
0.780536
0.780552
0.780567
0.780583
0.780599
0.780615
0.780615
0.780662
0.78071
0.780757
0.780805
0.780805
0.7809
0.780995
0.780995
0.781024
0.781052
0.78108
0.781109
0.781137
0.781166
0.781195
0.781223
0.781251
0.78128
0.78128
0.781295
0.781309
0.781324
0.781338
0.781353
0.781368
0.781382
0.781397
0.781412
0.781426
0.781441
0.781455
0.78147
0.78147
0.781484
0.781498
0.781513
0.781527
0.781541
0.781555
0.78157
0.781584
0.781598
0.781613
0.781627
0.781641
0.781655
0.781669
0.781684
0.781698
0.781712
0.781726
0.781741
0.781755
0.78223
0.782515
0.782515
0.78261
0.782705
0.78299
0.78318
0.78318
0.783465
0.783465
0.783607
0.78375
0.78375
0.783798
0.783845
0.783893
0.78394
0.78394
0.784083
0.784225
0.784225
0.784339
0.784453
0.784567
0.784681
0.784795
0.784795
0.784874
0.784953
0.785033
0.785112
0.785191
0.78527
0.786125
0.786125
0.78641
0.78641
0.786552
0.786695
0.78698
0.78698
0.787006
0.787032
0.787058
0.787084
0.78711
0.787135
0.787161
0.787187
0.787213
0.787239
0.787265
0.78755
0.78755
0.787645
0.78774
0.787835
0.787835
0.78812
0.78812
0.788215
0.78831
0.788405
0.78907
0.78907
0.789203
0.789336
0.789469
0.789602
0.789735
0.789735
0.789806
0.789878
0.789949
0.79002
0.79002
0.790163
0.790305
0.790305
0.790359
0.790414
0.790468
0.790522
0.790576
0.790631
0.790685
0.79097
0.79097
0.790989
0.791008
0.791027
0.791046
0.791065
0.791084
0.791103
0.791122
0.791141
0.79116
0.791179
0.791198
0.791217
0.791236
0.791255
0.791274
0.791293
0.791312
0.791331
0.79135
0.79135
0.791445
0.79154
0.791635
0.791635
0.791689
0.791744
0.791798
0.791852
0.791906
0.791961
0.792015
0.792015
0.792028
0.792041
0.792054
0.792067
0.79208
0.792093
0.792106
0.792119
0.792132
0.792145
0.792158
0.79217
0.792183
0.792196
0.792209
0.792222
0.792235
0.792248
0.792261
0.792274
0.792287
0.7923
0.7923
0.792325
0.792351
0.792376
0.792401
0.792427
0.792452
0.792477
0.792503
0.792528
0.792553
0.792579
0.792604
0.792629
0.792655
0.79268
0.79268
0.792756
0.792832
0.792908
0.792984
0.79306
0.79306
0.793092
0.793123
0.793155
0.793187
0.793218
0.79325
0.793282
0.793313
0.793345
0.793345
0.793362
0.79338
0.793397
0.793414
0.793431
0.793449
0.793466
0.793483
0.7935
0.793518
0.793535
0.793552
0.79357
0.793587
0.793604
0.793621
0.793639
0.793656
0.793673
0.79369
0.793708
0.793725
0.793725
0.794105
0.794105
0.79413
0.794156
0.794181
0.794206
0.794232
0.794257
0.794282
0.794308
0.794333
0.794358
0.794384
0.794409
0.794434
0.79446
0.794485
0.794485
0.79452
0.794554
0.794589
0.794623
0.794658
0.794692
0.794727
0.794761
0.794796
0.79483
0.794865
0.794865
0.795245
0.795245
0.795283
0.795321
0.795359
0.795397
0.795435
0.795473
0.795511
0.795549
0.795587
0.795625
0.795625
0.79566
0.795694
0.795729
0.795763
0.795798
0.795832
0.795867
0.795901
0.795936
0.79597
0.796005
0.796005
0.796195
0.796385
0.796385
0.796543
0.796702
0.79686
0.79686
0.796898
0.796936
0.796974
0.797012
0.79705
0.797088
0.797126
0.797164
0.797202
0.79724
0.79724
0.797303
0.797367
0.79743
0.797493
0.797557
0.79762
0.79762
0.797715
0.79781
0.797905
0.798
0.798095
0.798095
0.798149
0.798204
0.798258
0.798312
0.798366
0.798421
0.798475
0.798475
0.798543
0.798611
0.798679
0.798746
0.798814
0.798882
0.79895
0.79895
0.79914
0.79933
0.79933
0.799398
0.799466
0.799534
0.799601
0.799669
0.799737
0.799805
0.799805
0.799963
0.800122
0.80028
0.80028
0.800407
0.800533
0.80066
0.80066
0.800731
0.800803
0.800874
0.800945
0.801016
0.801087
0.801159
0.80123
0.80123
0.801468
0.801705
0.801705
0.801758
0.801811
0.801863
0.801916
0.801969
0.802022
0.802074
0.802127
0.80218
0.80218
0.802655
0.802655
0.802892
0.80313
0.80313
0.80332
0.80351
0.8037
0.8037
0.803858
0.804017
0.804175
0.804745
0.804745
0.804903
0.805062
0.80522
0.80522
0.805505
0.80579
0.80579
0.80636
0.80636
0.80655
0.80674
0.80693
0.80693
0.807262
0.807595
0.807595
0.808165
0.808165
0.808735
0.8094
0.8094
0.809666
0.809932
0.810198
0.810464
0.81073
0.811395
0.81206
0.81206
0.81244
0.81282
0.81282
0.81358
0.81358
0.814087
0.814593
0.8151
0.8151
0.81586
0.81586
0.816715
0.816715
0.817142
0.81757
0.81852
0.81852
0.818805
0.81909
0.819375
0.821275
0.821275
0.822367
0.82346
0.82346
0.824505
0.824505
0.825693
0.82688
0.82821
0.82821
0.831155
0.8341
0.83942
0.846925
0.846925
0.86222
0.87286
0.95
0.95
0.95002
0.95004
0.95006
0.95008
0.9501
0.95012
0.95014
0.95016
0.95018
0.9502
0.95022
0.95024
0.95026
0.95028
0.9503
0.95032
0.95034
0.95036
0.95038
0.9504
0.95042
0.95044
0.95046
0.95048
0.9505
0.95052
0.95054
0.95056
0.95058
0.9506
0.95062
0.95064
0.95066
0.95068
0.9507
0.95072
0.95074
0.95076
0.95078
0.9508
0.95082
0.95084
0.95086
0.95088
0.9509
0.95092
0.95094
0.95096
0.95098
0.951
0.95102
0.95104
0.95106
0.95108
0.9511
0.95112
0.95114
0.95116
0.95118
0.9512
0.95122
0.95124
0.95126
0.95128
0.9513
0.95132
0.95134
0.95136
0.95138
0.9514
0.95142
0.95144
0.95146
0.95148
0.9515
0.95152
0.95154
0.95156
0.95158
0.9516
0.95162
0.95164
0.95166
0.95168
0.9517
0.95172
0.95174
0.95176
0.95178
0.9518
0.95182
0.95184
0.95186
0.95188
0.9519
0.95192
0.95194
0.95196
0.95198
0.952
0.95202
0.95204
0.95206
0.95208
0.9521
0.95212
0.95214
0.95216
0.95218
0.9522
0.95222
0.95224
0.95226
0.95228
0.9523
0.95232
0.95234
0.95236
0.95238
0.9524
0.95242
0.95244
0.95246
0.95248
0.9525
0.95252
0.95254
0.95256
0.95258
0.9526
0.95262
0.95264
0.95266
0.95268
0.9527
0.95272
0.95274
0.95276
0.95278
0.9528
0.95282
0.95284
0.95286
0.95288
0.9529
0.95292
0.95294
0.95296
0.95298
0.953
0.95302
0.95304
0.95306
0.95308
0.9531
0.95312
0.95314
0.95316
0.95318
0.9532
0.95322
0.95324
0.95326
0.95328
0.9533
0.95332
0.95334
0.95336
0.95338
0.9534
0.95342
0.95344
0.95346
0.95348
0.9535
0.95352
0.95354
0.95356
0.95358
0.9536
0.95362
0.95364
0.95366
0.95368
0.9537
0.95372
0.95374
0.95376
0.95378
0.9538
0.95382
0.95384
0.95386
0.95388
0.9539
0.95392
0.95394
0.95396
0.95398
0.954
0.95402
0.95404
0.95406
0.95408
0.9541
0.95412
0.95414
0.95416
0.95418
0.9542
0.95422
0.95424
0.95426
0.95428
0.9543
0.95432
0.95434
0.95436
0.95438
0.9544
0.95442
0.95444
0.95446
0.95448
0.9545
0.95452
0.95454
0.95456
0.95458
0.9546
0.95462
0.95464
0.95466
0.95468
0.9547
0.95472
0.95474
0.95476
0.95478
0.9548
0.95482
0.95484
0.95486
0.95488
0.9549
0.95492
0.95494
0.95496
0.95498
0.955
0.95502
0.95504
0.95506
0.95508
0.9551
0.95512
0.95514
0.95516
0.95518
0.9552
0.95522
0.95524
0.95526
0.95528
0.9553
0.95532
0.95534
0.95536
0.95538
0.9554
0.95542
0.95544
0.95546
0.95548
0.9555
0.95552
0.95554
0.95556
0.95558
0.9556
0.95562
0.95564
0.95566
0.95568
0.9557
0.95572
0.95574
0.95576
0.95578
0.9558
0.95582
0.95584
0.95586
0.95588
0.9559
0.95592
0.95594
0.95596
0.95598
0.956
0.95602
0.95604
0.95606
0.95608
0.9561
0.95612
0.95614
0.95616
0.95618
0.9562
0.95622
0.95624
0.95626
0.95628
0.9563
0.95632
0.95634
0.95636
0.95638
0.9564
0.95642
0.95644
0.95646
0.95648
0.9565
0.95652
0.95654
0.95656
0.95658
0.9566
0.95662
0.95664
0.95666
0.95668
0.9567
0.95672
0.95674
0.95676
0.95678
0.9568
0.95682
0.95684
0.95686
0.95688
0.9569
0.95692
0.95694
0.95696
0.95698
0.957
0.95702
0.95704
0.95706
0.95708
0.9571
0.95712
0.95714
0.95716
0.95718
0.9572
0.95722
0.95724
0.95726
0.95728
0.9573
0.95732
0.95734
0.95736
0.95738
0.9574
0.95742
0.95744
0.95746
0.95748
0.9575
0.95752
0.95754
0.95756
0.95758
0.9576
0.95762
0.95764
0.95766
0.95768
0.9577
0.95772
0.95774
0.95776
0.95778
0.9578
0.95782
0.95784
0.95786
0.95788
0.9579
0.95792
0.95794
0.95796
0.95798
0.958
0.95802
0.95804
0.95806
0.95808
0.9581
0.95812
0.95814
0.95816
0.95818
0.9582
0.95822
0.95824
0.95826
0.95828
0.9583
0.95832
0.95834
0.95836
0.95838
0.9584
0.95842
0.95844
0.95846
0.95848
0.9585
0.95852
0.95854
0.95856
0.95858
0.9586
0.95862
0.95864
0.95866
0.95868
0.9587
0.95872
0.95874
0.95876
0.95878
0.9588
0.95882
0.95884
0.95886
0.95888
0.9589
0.95892
0.95894
0.95896
0.95898
0.959
0.95902
0.95904
0.95906
0.95908
0.9591
0.95912
0.95914
0.95916
0.95918
0.9592
0.95922
0.95924
0.95926
0.95928
0.9593
0.95932
0.95934
0.95936
0.95938
0.9594
0.95942
0.95944
0.95946
0.95948
0.9595
0.95952
0.95954
0.95956
0.95958
0.9596
0.95962
0.95964
0.95966
0.95968
0.9597
0.95972
0.95974
0.95976
0.95978
0.9598
0.95982
0.95984
0.95986
0.95988
0.9599
0.95992
0.95994
0.95996
0.95998
